28.254 74.777 36.916 63.797 38.236 40.180 19.616 39.985 30.066 42.173
37.507 237.547 44.263 217.845 49.018 56.316 21.434 73.308 32.642 59.120
37.509 350.492 44.264 518.639 49.089 56.344 21.434 73.434 32.650 59.144
37.509 460.910 44.264 1237.216 49.089 56.345 21.434 73.435 32.650 59.146
0.000 236.657 0.000 1835.343 0.000 0.000 0.000 0.000 0.000 0.000
0.000 212.425 0.000 1859.575 0.000 0.000 0.000 0.000 0.000 0.000
0.000 157.691 0.000 1914.309 0.000 0.000 0.000 0.000 0.000 0.000
0.000 139.222 0.000 1932.778 0.000 0.000 0.000 0.000 0.000 0.000
0.000 137.978 0.000 1934.022 0.000 0.000 0.000 0.000 0.000 0.000
0.000 137.795 0.000 1934.205 0.000 0.000 0.000 0.000 0.000 0.000
0.000 137.767 0.000 1934.233 0.000 0.000 0.000 0.000 0.000 0.000
0.000 137.763 0.000 1934.237 0.000 0.000 0.000 0.000 0.000 0.000
0.000 137.763 0.000 1934.237 0.000 0.000 0.000 0.000 0.000 0.000
