time,right_s0,right_s1,right_e0,right_e1,right_w0,right_w1,right_w2
0.637243,0.923138710241,-0.973883630029,-0.693304697882,1.03137078401,0.57813467385,1.01241790897,-0.591895034586
0.647212,0.92392532112,-0.972762269011,-0.692461366083,1.03212077928,0.578567148174,1.01192197718,-0.591359964151
0.657181,0.924474751669,-0.971683395233,-0.691604563108,1.03252154545,0.579120116277,1.01184636368,-0.590666238542
0.667149,0.924826968439,-0.970613238328,-0.690716267569,1.03280613018,0.579790578849,1.01185643486,-0.589957659211
0.677118,0.925104871843,-0.969519629995,-0.689865616107,1.03306246585,0.580548362518,1.01175819764,-0.589372959926
0.687087,0.925538279977,-0.968368889239,-0.689232858978,1.03321145243,0.581331130898,1.01150613298,-0.589060332742
0.697056,0.926136800325,-0.967140529055,-0.688826731653,1.03309285503,0.582231220143,1.01171671835,-0.588608490417
0.707025,0.926634054407,-0.965807005038,-0.688319715682,1.03295541655,0.583174897004,1.01180938611,-0.588046052145
0.716994,0.927081641494,-0.964330136167,-0.687740920163,1.03275006541,0.584233347262,1.0117830255,-0.587565537949
0.726962,0.927451062204,-0.962718280609,-0.687146870689,1.03241158397,0.585373732993,1.01171553472,-0.587267841386
0.736931,0.92756114631,-0.961046323056,-0.686628357081,1.03184392656,0.586390891999,1.0117938206,-0.587122588239
0.746900,0.927570226963,-0.959317309081,-0.68639092781,1.03110641351,0.58737333641,1.01202223647,-0.587000572225
0.756869,0.927614938802,-0.957585715825,-0.686164324037,1.03019157612,0.588499771588,1.01214585706,-0.586753240819
0.766838,0.927659606337,-0.955909447855,-0.685893456422,1.02920250536,0.589669125633,1.01204341433,-0.586438218194
0.776807,0.927675079125,-0.954263636063,-0.685580294414,1.02819833875,0.590801629016,1.01175884643,-0.586139341848
0.786775,0.92766172653,-0.952441353472,-0.685321152019,1.02713017174,0.591887759449,1.01166554061,-0.585982308114
0.796744,0.927593375231,-0.950476123118,-0.68486472727,1.02608352212,0.593239436276,1.01180914939,-0.585942648706
0.806713,0.927592619038,-0.948390882966,-0.684580129682,1.02491190339,0.594681168445,1.011881417,-0.585949507987
0.816682,0.927587349935,-0.946213450399,-0.684519507717,1.02356184688,0.596102655607,1.0118335045,-0.585991447615
0.826651,0.927461410612,-0.944004080771,-0.684623046066,1.02201779012,0.597440396397,1.0116946205,-0.586073937633
0.836619,0.926993727723,-0.941914696909,-0.68461086861,1.02031478887,0.598737524059,1.01164112302,-0.586245352787
0.846588,0.926598985272,-0.940029890944,-0.684751595252,1.01872507495,0.599870567832,1.01136448181,-0.586401330643
0.856557,0.926237222598,-0.938053638514,-0.684987963386,1.01720759798,0.601091292172,1.01107932579,-0.586472194772
0.866526,0.925791732253,-0.935907522364,-0.68508607243,1.01553938642,0.602368885295,1.01092804687,-0.586592806456
0.876495,0.925211903769,-0.933569757319,-0.684903130685,1.01354377492,0.603654913231,1.01099866579,-0.586902540159
0.886464,0.924738712501,-0.931082461958,-0.684722044041,1.01127573776,0.604996749097,1.01124108663,-0.587476765348
0.896432,0.92421498427,-0.928842584261,-0.684961625765,1.00912096917,0.606800630975,1.0115012904,-0.587951189066
0.906401,0.923728037103,-0.926666676921,-0.685326760523,1.00690425815,0.608559659683,1.0118151899,-0.58822497625
0.916370,0.923285830498,-0.924490523831,-0.685566549122,1.00460459659,0.610129477098,1.01213899155,-0.588444064014
0.926339,0.922841810101,-0.922272402762,-0.685508718193,1.00225694595,0.611495407187,1.01237369775,-0.588762649908
0.936308,0.92213252429,-0.919972925622,-0.68535743826,1.00002334977,0.612936225936,1.01218783813,-0.589080407038
0.946276,0.921387807631,-0.917411218346,-0.685554568339,0.997905932782,0.61432066669,1.01192557476,-0.589385750995
0.956245,0.920731137734,-0.914739603114,-0.685861608127,0.995710467785,0.615619329796,1.01199162483,-0.589687379179
0.966214,0.920147269278,-0.91207999589,-0.686140042105,0.993411167402,0.616922798058,1.01223375892,-0.590015542309
0.976183,0.919574253954,-0.909542224672,-0.686316207974,0.991039784059,0.618365360496,1.01234905272,-0.590412110204
0.986152,0.918913514212,-0.907162927225,-0.686673731565,0.988687656737,0.62014927591,1.01216486382,-0.590971740339
0.996121,0.91829534386,-0.904677189883,-0.687225725414,0.986205656658,0.621870206411,1.01219622515,-0.591384836194
1.006089,0.917602467122,-0.902083348945,-0.687779674998,0.983592457738,0.623374127274,1.01245976528,-0.591688747492
1.016058,0.916793082734,-0.899435458107,-0.688197050855,0.980908603796,0.624730520964,1.01285578161,-0.59197038787
1.026027,0.915877109074,-0.896829380284,-0.688370890062,0.978254073419,0.62611330711,1.0132302696,-0.592343802057
1.035996,0.915117407724,-0.894533193377,-0.688373869462,0.975822728292,0.627793383073,1.0134886274,-0.592930634835
1.045965,0.914520858909,-0.892303182283,-0.688677974519,0.973536695138,0.629646964205,1.01366071363,-0.593673588589
1.055934,0.913956876652,-0.889856559933,-0.689217795005,0.971171853922,0.631468714832,1.01378058316,-0.594362590489
1.065902,0.913297815523,-0.887284924412,-0.689786404119,0.968724134539,0.633248718551,1.01386305483,-0.594894423437
1.075871,0.912422711307,-0.884876150383,-0.69010178265,0.966300379059,0.635072698092,1.01392908955,-0.595228633086
1.085840,0.911502443017,-0.882748575628,-0.690301365839,0.963931976674,0.636950454339,1.01426602721,-0.595573217797
1.095809,0.910615365805,-0.880464920276,-0.690643893077,0.96145451285,0.638891584793,1.01454045283,-0.595992600484
1.105778,0.90970716982,-0.878017045172,-0.691112027374,0.959004071791,0.640925953571,1.0145776744,-0.596433322251
1.115746,0.908768192505,-0.875461555662,-0.691676234003,0.956590814519,0.642996821329,1.01443298402,-0.596952022935
1.125715,0.907819959294,-0.872913744935,-0.692286737693,0.954140047454,0.644981617051,1.01433103648,-0.597677560006
1.135684,0.906916097813,-0.870715204256,-0.692618233199,0.951659480313,0.64681551283,1.01443185127,-0.598395608883
1.145653,0.906076558705,-0.868617116297,-0.692933151717,0.949383290007,0.648666526436,1.01457192449,-0.598864672393
1.155622,0.905345962562,-0.866530842948,-0.693355743876,0.947155584753,0.650592389745,1.01466367335,-0.599315257041
1.165591,0.904752249729,-0.864425484362,-0.693914792322,0.944912386627,0.652608358148,1.01465445129,-0.599885143773
1.175559,0.904309117349,-0.862321660331,-0.694550678203,0.942670120281,0.654690318513,1.0145202607,-0.600637295652
1.185528,0.903493369052,-0.860143597576,-0.694909224612,0.940540116676,0.656605894573,1.01442681683,-0.601185575655
1.195497,0.902475978044,-0.858020106559,-0.695242996339,0.93830588221,0.65841876087,1.01412003841,-0.601599065457
1.205466,0.901504670887,-0.855977710477,-0.695645819075,0.935943320801,0.660371291857,1.01348103704,-0.602037145739
1.215435,0.900708942191,-0.854029900549,-0.696149791504,0.933534541327,0.662534257472,1.01257087148,-0.602593655774
1.225403,0.900081114452,-0.852179685857,-0.696714688361,0.931305725364,0.664765611366,1.01168051227,-0.603288914742
1.235372,0.899407710038,-0.850297881873,-0.697036828397,0.929376854898,0.666728800634,1.01091471497,-0.604002613566
1.245341,0.898790602278,-0.848405843621,-0.697297560874,0.927517677895,0.668789782715,1.00996050125,-0.604621870842
1.255310,0.898222513613,-0.846448276118,-0.697639335616,0.925569021388,0.671000819089,1.00882027694,-0.605093643029
1.265279,0.897693769116,-0.844413501095,-0.698134915272,0.923469484507,0.673292996681,1.00760544393,-0.605472501864
1.275248,0.897200058671,-0.842364858278,-0.698755946604,0.921308800497,0.675399563418,1.00660817245,-0.606000026311
1.285216,0.8966769236,-0.840501102296,-0.699290764758,0.919317287667,0.677325584386,1.0056519738,-0.606749078606
1.295185,0.895982700399,-0.838692958236,-0.699696591091,0.917390824454,0.679381015513,1.00454506424,-0.607371384561
1.305154,0.895174867899,-0.836912404474,-0.700087405608,0.915538938437,0.681506385855,1.00330791964,-0.607954335198
1.315123,0.894352550101,-0.8351122787,-0.700558224102,0.913774300394,0.683581315267,1.00199756841,-0.608596024773
1.325092,0.89368903405,-0.833175308153,-0.701150205184,0.912112639266,0.685380716197,1.00071864943,-0.60936447611
1.335061,0.893016307759,-0.831128720452,-0.701678201634,0.910399480422,0.687035633901,0.999681756228,-0.609950960866
1.345029,0.892328049639,-0.829199296572,-0.702046561204,0.908729272544,0.688624099263,0.998720194997,-0.610419439236
1.354998,0.891707901568,-0.827333285903,-0.702362270956,0.907019491003,0.690099366133,0.99775654133,-0.610930591145
1.364967,0.891214424917,-0.825482165018,-0.702747867023,0.905190631745,0.691431997621,0.996767195274,-0.611589244725
1.374936,0.890815953063,-0.823719762823,-0.703318433034,0.903212071212,0.692664468805,0.995873820214,-0.612306795925
1.384905,0.890391893778,-0.822228857763,-0.70388563254,0.901426628845,0.69371990505,0.995008558378,-0.612966692723
1.394873,0.889872782494,-0.820782517657,-0.704435787024,0.899792413155,0.694594356181,0.994216278522,-0.613575481056
1.404842,0.889308028295,-0.819279161113,-0.704915752249,0.898294129015,0.695357043448,0.993528571715,-0.614078391601
1.414811,0.88876459225,-0.817655677521,-0.70527070129,0.89689897339,0.69608321107,0.992934512302,-0.614444022383
1.424780,0.888299141283,-0.815917158857,-0.705438655471,0.895512698628,0.696795749751,0.992264188008,-0.614758470589
1.434749,0.887793522662,-0.814244119555,-0.705937559128,0.89385297321,0.69751230575,0.991609758198,-0.615116606042
1.444718,0.887309707265,-0.812619544543,-0.706580130607,0.892163746017,0.698186628819,0.991008973566,-0.615494925702
1.454686,0.886870678491,-0.811101635817,-0.707150748842,0.890588368609,0.698824823005,0.990482816625,-0.615898132438
1.464655,0.886472356614,-0.809726188678,-0.707491648988,0.889184902285,0.69945177677,0.99007360884,-0.616344719308
1.474624,0.886003245571,-0.808315333244,-0.707863373163,0.887620332623,0.700126387338,0.990018863794,-0.616915352651
1.484593,0.885388966051,-0.806680401624,-0.70844783841,0.885716434294,0.700724558787,0.990215910251,-0.617608947198
1.494562,0.884825596195,-0.805024157986,-0.709001453771,0.883796798538,0.701237134358,0.990341845518,-0.618324864767
1.504530,0.884344270282,-0.803441433826,-0.709446074473,0.881975773224,0.701714920784,0.99027916054,-0.619005086073
1.514499,0.883905431918,-0.801978025129,-0.70976931774,0.880287694622,0.702222334367,0.990033449968,-0.619614293338
1.524468,0.883295588085,-0.800511207936,-0.710093302085,0.878593623792,0.702735026569,0.990148882049,-0.620222508702
1.534437,0.88285580505,-0.799034129072,-0.710486929908,0.876980985478,0.703422787448,0.990565231988,-0.620717158821
1.544406,0.882629560899,-0.797536545008,-0.710843231595,0.87551630053,0.704214332104,0.990921586299,-0.621252998999
1.554375,0.882470950878,-0.79599874741,-0.711155557166,0.874146155546,0.704928189152,0.991110121613,-0.621867036782
1.564343,0.882148348751,-0.7944034341,-0.711467094847,0.872750423932,0.705354953679,0.99113457501,-0.622526836649
1.574312,0.881557392019,-0.792815642087,-0.711924210433,0.871100284524,0.705706951814,0.991117954703,-0.622901575907
1.584281,0.880952333109,-0.791261966591,-0.712397894937,0.869345466294,0.706334818686,0.99113818418,-0.623179672541
1.594250,0.880392922574,-0.789836580475,-0.712940351905,0.867611035958,0.706976805914,0.991132190443,-0.623489150687
1.604219,0.879880657255,-0.788461587338,-0.713490709885,0.865984405118,0.707547936871,0.99102777891,-0.623890041708
1.614188,0.879383288251,-0.786949800032,-0.713917178127,0.864532089781,0.708064913132,0.990757985797,-0.624404961431
1.624156,0.878893365769,-0.785038798177,-0.714056594808,0.863209628233,0.708804482657,0.990624185255,-0.625014745668
1.634125,0.878440532859,-0.783250381907,-0.714312897846,0.861843654919,0.709411004524,0.99074408618,-0.625525076604
1.644094,0.878046286281,-0.781639231776,-0.714582214331,0.860277831113,0.70994931032,0.990909393901,-0.62589589617
1.654063,0.877675857813,-0.780141104872,-0.714719032022,0.858507462512,0.710484810933,0.990993534991,-0.626207676874
1.664032,0.877248097004,-0.778592722026,-0.714540135817,0.856651561192,0.711087640638,0.990924713385,-0.626641350678
1.674000,0.876756041136,-0.777015612983,-0.714403078827,0.855134837286,0.711496324502,0.991067966949,-0.627241481262
1.683969,0.876320631901,-0.775442213524,-0.714452309365,0.853603891264,0.711881762936,0.991332802711,-0.62780221644
1.693938,0.875862446401,-0.773854790398,-0.714420824184,0.852022266458,0.712404524927,0.991492336348,-0.628341859325
1.703907,0.875360125145,-0.772232890746,-0.714189517738,0.850452036368,0.713025763227,0.991437921586,-0.628845588222
1.713876,0.874851440535,-0.770550876464,-0.713782849077,0.849065868709,0.713492304055,0.991173858038,-0.629261653808
1.723845,0.874441510942,-0.768954482917,-0.713372175753,0.847658356172,0.713645626707,0.990667751545,-0.629566789589
1.733813,0.873939233026,-0.767384831991,-0.712870111762,0.846029740174,0.714000333611,0.990234360737,-0.629847883812
1.743782,0.873311806015,-0.765777891565,-0.712376315278,0.844345911896,0.714533864397,0.989950849088,-0.630163182559
1.753751,0.872604030815,-0.764162180401,-0.711953893065,0.842730073935,0.715182607762,0.989773790624,-0.630541453549
1.763720,0.87197022938,-0.762704497035,-0.711618421941,0.841250299855,0.715836688422,0.989490850631,-0.63097567582
1.773689,0.871585977051,-0.761379061922,-0.711104510875,0.839646052373,0.716499549052,0.989183276806,-0.631377089183
1.783657,0.87113594841,-0.759883529178,-0.710626104892,0.838015303789,0.71701920837,0.98889986794,-0.631924502889
1.793626,0.870563824832,-0.758181240488,-0.710216722545,0.836425553549,0.717371125569,0.988620203868,-0.632548039188
1.803595,0.869902408373,-0.756293910584,-0.709817206501,0.834875498901,0.717644339567,0.988299619904,-0.633140780111
1.813564,0.869332240015,-0.754317095377,-0.709194921754,0.83323343947,0.718143131378,0.987842335085,-0.63353049365
1.823533,0.868587305236,-0.752355468804,-0.708464485269,0.831503541797,0.719100422319,0.986837933885,-0.633857530848
1.833502,0.867703580085,-0.750501561225,-0.707925488713,0.829827509975,0.720010548329,0.985506076761,-0.634105811799
1.843470,0.866901260459,-0.748687444134,-0.707528285435,0.828208334641,0.720799605301,0.984087113872,-0.634344458858
1.853439,0.866315577696,-0.746853724591,-0.707168649695,0.826683741009,0.721506584727,0.982768244475,-0.634648148167
1.863408,0.865853508277,-0.744992976235,-0.706670623715,0.825434589782,0.722373028743,0.981612814912,-0.635102991378
1.873377,0.865165779461,-0.743288936189,-0.706252392108,0.824242051185,0.723256457706,0.980332135359,-0.635296558289
1.883346,0.864404782502,-0.741516891183,-0.705943104649,0.822622626508,0.724175105031,0.978887894147,-0.635207645277
1.893315,0.86369382022,-0.739607065789,-0.705706190911,0.820743415662,0.725198217966,0.977285596106,-0.634899343048
1.903283,0.863119187836,-0.737564092311,-0.705512308748,0.818877786827,0.726376818103,0.975575321719,-0.63447155943
1.913252,0.862668042168,-0.7355694879,-0.705402294293,0.817387740491,0.727705229542,0.973924253902,-0.634086803864
1.923221,0.862205286763,-0.733801150859,-0.705263181739,0.815735393677,0.728791886036,0.972546858972,-0.633907119109
1.933190,0.86160730318,-0.732191833087,-0.70515067903,0.813929119001,0.729317032424,0.971415872164,-0.633766695246
1.943159,0.860856240713,-0.730615114998,-0.705121237086,0.81210178395,0.729401475159,0.970644652216,-0.633674133076
1.953127,0.860006348236,-0.728954540582,-0.705206270695,0.810369737604,0.729252560637,0.970351379785,-0.633645430499
1.963096,0.859346793413,-0.727206922431,-0.705334501417,0.808647043806,0.728992779214,0.970686170951,-0.633597475525
1.973065,0.858932145414,-0.725418512671,-0.705460730952,0.80686898805,0.728396908334,0.971247171366,-0.633528320878
1.983034,0.858503538798,-0.723556084754,-0.705632398712,0.805063442696,0.727820368019,0.971818356582,-0.63373572526
1.993003,0.857985736531,-0.721701629126,-0.705879382987,0.803281819436,0.727419595302,0.972370242749,-0.634254043175
2.002972,0.857380379741,-0.719943283555,-0.706199861096,0.80157180552,0.72728008617,0.972889779261,-0.634991675347
2.012940,0.856909905493,-0.71819626141,-0.706418145467,0.799911573782,0.727361167497,0.973155107885,-0.635533062482
2.022909,0.856588460366,-0.716491267707,-0.706628571252,0.798129328669,0.727548415544,0.973359379737,-0.63575090212
2.032878,0.856148020978,-0.714905197389,-0.707030716174,0.796297787601,0.727684377131,0.973822953196,-0.635939309809
2.042847,0.855515457778,-0.713418779204,-0.707553502124,0.794463423121,0.727800877348,0.974545186293,-0.636227395633
2.052816,0.854703517148,-0.71197830563,-0.708021779183,0.792668501441,0.728001130609,0.97539004546,-0.63666923006
2.062784,0.853880670265,-0.710584922041,-0.708236204294,0.790966406749,0.728449687735,0.976081372957,-0.637066175171
2.072753,0.853191467601,-0.709264769478,-0.708392150288,0.78923090653,0.728761301378,0.976826273726,-0.637187754254
2.082722,0.852651332606,-0.707942036626,-0.708469450265,0.78739610079,0.728851675419,0.977638262993,-0.637298080757
2.092691,0.852234805852,-0.706539546839,-0.70853806855,0.785483628186,0.728779201564,0.978417273797,-0.637499992695
2.102660,0.851886036542,-0.70498766544,-0.708714779123,0.783561534947,0.72868180257,0.979016851756,-0.637819354582
2.112629,0.85151155276,-0.70341324583,-0.709094095817,0.781701081459,0.728693034383,0.979517724965,-0.638123280981
2.122597,0.850928887653,-0.702114401537,-0.709379460691,0.77988947959,0.728804618895,0.98028282883,-0.638526092489
2.132566,0.850229902037,-0.701047718374,-0.709611316479,0.778219457446,0.72897264226,0.981364884212,-0.638871110656
2.142535,0.849522365483,-0.700106789857,-0.709853938429,0.776639443386,0.729182221913,0.982670933667,-0.639114253515
2.152504,0.84893323414,-0.699133324468,-0.710182440317,0.774994603118,0.729431043432,0.983999482134,-0.639286235966
2.162473,0.848472900944,-0.698151065289,-0.710267297358,0.772956255486,0.729653403922,0.985229643875,-0.639634987948
2.172442,0.848122810388,-0.697108549127,-0.710277779501,0.770925023196,0.729888891968,0.986484585232,-0.639823041608
2.182410,0.847777049253,-0.696058459197,-0.710439655796,0.76901263801,0.730062795114,0.987730277984,-0.639868651891
2.192379,0.847380810978,-0.695094847251,-0.710769433227,0.767228057839,0.730146513755,0.988965710872,-0.639860538487
2.202348,0.846918129409,-0.694353119791,-0.711105573398,0.765491656145,0.730149709889,0.990217679857,-0.63995639294
2.212317,0.846447666746,-0.693590628466,-0.711278859843,0.763805156369,0.730351152572,0.99137386761,-0.640037578242
2.222286,0.845871557035,-0.692693552127,-0.71154598586,0.762132096594,0.730578634873,0.992436710568,-0.640191914792
2.232254,0.845258294877,-0.691785015577,-0.711870990019,0.760367893251,0.730737291854,0.993503517435,-0.640394025254
2.242223,0.844687919463,-0.690949768501,-0.712199140616,0.758468453691,0.730812916534,0.994676694589,-0.640601133298
2.252192,0.844262295164,-0.690236100455,-0.712448831711,0.756453952426,0.730883835192,0.99607667401,-0.640746279434
2.262161,0.843899410033,-0.68964920456,-0.71250126384,0.754721279062,0.730965830404,0.997602244835,-0.640892953906
2.272130,0.843563885876,-0.689116274266,-0.712619724813,0.75319893404,0.731219289236,0.998967528602,-0.640999031163
2.282099,0.843264015814,-0.68867759888,-0.712798777868,0.751807516485,0.731619136163,1.00012548354,-0.641164386071
2.292067,0.842983824074,-0.688356165338,-0.712977287384,0.75050813964,0.732025431816,1.0010787118,-0.641421584038
2.302036,0.842665898501,-0.688153546737,-0.713008452942,0.749331257091,0.732105218298,1.00188488752,-0.641698249327
2.312005,0.842337309651,-0.687855718344,-0.713175986957,0.748337996593,0.73199059839,1.00276402907,-0.641978300342
2.321974,0.842080017338,-0.687496574056,-0.713501554279,0.747341985783,0.732186207084,1.00361588334,-0.642281588745
2.331943,0.841807748512,-0.687124038419,-0.713823604997,0.746340382166,0.732631638193,1.00443479455,-0.642451727938
2.341912,0.841413543223,-0.686768614788,-0.713990712576,0.74535692685,0.733162110599,1.00525582302,-0.642461441696
2.351880,0.840740201431,-0.686425335418,-0.713863180405,0.744455917733,0.733448633358,1.00619583904,-0.642568100039
2.361849,0.840062289438,-0.686158127478,-0.71382232578,0.743590299188,0.733436874488,1.00692791604,-0.642973205458
2.371818,0.839684671567,-0.685894887326,-0.714081392358,0.742709246183,0.733452633303,1.00743825497,-0.643245970226
2.381787,0.839473040948,-0.685708212656,-0.714428382601,0.74183758557,0.733526529784,1.00781415544,-0.643389641537
2.391756,0.839283014759,-0.685651869193,-0.714641742547,0.741047014513,0.733649420809,1.00813044481,-0.643486227313
2.401724,0.839064594202,-0.685708503838,-0.71456026022,0.740547538947,0.733783290262,1.00838497944,-0.643727683106
2.411693,0.838999536188,-0.685718468166,-0.714671844841,0.740261215039,0.733981509025,1.00863924843,-0.644140661432
2.421662,0.838878601927,-0.685658327425,-0.714999954209,0.739963220967,0.734104374694,1.00880081317,-0.644574669164
2.431631,0.83863042502,-0.685510555413,-0.715366058196,0.739667766668,0.734099714592,1.00887872377,-0.64491581244
2.441600,0.83826422669,-0.685293848616,-0.715605329734,0.739400079085,0.733979464211,1.00890727385,-0.645121518673
2.451569,0.838015782964,-0.68515396925,-0.715713676734,0.739100143189,0.733941548652,1.00895047681,-0.645396910489
2.461537,0.837820258116,-0.685284346763,-0.715731426977,0.73883283821,0.734356798405,1.00897781421,-0.645631644173
2.471506,0.837638200111,-0.685419450109,-0.715678858639,0.738557228015,0.734909740389,1.00901430833,-0.645614611488
2.481475,0.837445983526,-0.685458734433,-0.715671396626,0.738302615898,0.735423672937,1.00905062263,-0.645409233079
2.491444,0.837221128258,-0.685357250903,-0.715825355226,0.738110266421,0.735769101694,1.00907696225,-0.645182658291
2.501413,0.836927103881,-0.685180796841,-0.716169373898,0.738021000108,0.73593242513,1.00911954508,-0.64533242805
2.511381,0.836686539584,-0.685048086778,-0.716511143951,0.73788058927,0.735984277201,1.00914544866,-0.645627786437
2.521350,0.83664509049,-0.684965706387,-0.716795268874,0.737730018141,0.736132967738,1.00916310574,-0.645892207139
2.531319,0.836705212868,-0.684915883911,-0.716991081893,0.737600253638,0.736295998014,1.00915921313,-0.646124512977
2.541288,0.836699463886,-0.684860461827,-0.717070958133,0.737506173242,0.736334064387,1.0091320206,-0.646354898366
2.551257,0.836508616072,-0.684669720068,-0.716940116645,0.737350196052,0.736316612918,1.00921756435,-0.646469767375
2.561226,0.836452229498,-0.68457865856,-0.717023362177,0.737100320304,0.736453823302,1.00927298259,-0.64665786819
2.571194,0.836402954395,-0.684540232614,-0.717231491182,0.736885273037,0.736637034019,1.00926983332,-0.646983160294
2.581163,0.836342981454,-0.684494863555,-0.717477662647,0.736750627735,0.736779140073,1.00927676317,-0.647313259872
2.591132,0.836299246288,-0.684381785169,-0.717683965891,0.736700846545,0.73681098253,1.00939085625,-0.647444959909
2.601101,0.836367017832,-0.684237916677,-0.717992911097,0.736623983731,0.736845580563,1.00955828622,-0.647325892214
2.611070,0.836357494679,-0.684096267156,-0.718171321225,0.736367931522,0.736883526525,1.00962282213,-0.64728466011
2.621039,0.836414352317,-0.683970795472,-0.718196011912,0.736140244842,0.736840319058,1.00959353934,-0.647292239547
2.631007,0.836518263897,-0.683863322912,-0.718144869523,0.736069385795,0.736769061363,1.0094942257,-0.64737865508
2.640976,0.836564186742,-0.683761901505,-0.7181514843,0.736228422053,0.736796656214,1.00936476804,-0.647593879306
2.650945,0.836458576053,-0.683503336535,-0.71818856633,0.736239709463,0.737001425952,1.00929567185,-0.647804899998
2.660914,0.836494638137,-0.683256196025,-0.718272691875,0.735997458414,0.737224196378,1.0093741898,-0.648035029862
2.670883,0.836602195672,-0.683063974842,-0.718507515206,0.735676955467,0.73745701958,1.0095577045,-0.648234275224
2.680851,0.836735066966,-0.682885597803,-0.71885183003,0.735386823295,0.737670483775,1.00971623432,-0.648359977216
2.690820,0.836856015034,-0.682626371726,-0.719153513508,0.735196901608,0.737815844326,1.00964956316,-0.648374902573
2.700789,0.83685375793,-0.682734102993,-0.719078038593,0.734934865627,0.737708849309,1.00931109794,-0.648363332627
2.710758,0.836756019393,-0.682857629865,-0.718807885679,0.734692562455,0.737534823509,1.00902987337,-0.648377576028
2.720727,0.836603426404,-0.682930964852,-0.718732650595,0.734553546752,0.737474869506,1.00894475997,-0.648507066673
2.730696,0.836441411319,-0.682936854575,-0.718959732927,0.734549272086,0.737533968175,1.00908209304,-0.648762056188
2.740664,0.836324541168,-0.682902896892,-0.719338404177,0.73466393942,0.737550493684,1.00936266161,-0.649078003611
2.750633,0.836326395421,-0.682547761047,-0.719512317939,0.734615438238,0.737590223916,1.00952198775,-0.64905157408
2.760602,0.836281602688,-0.682301337214,-0.719643768342,0.734527909975,0.737709042378,1.00947791327,-0.648904439884
2.770571,0.836175220311,-0.682239903427,-0.719802727972,0.734470987814,0.737781580561,1.00939211441,-0.64897258627
2.780540,0.836061303502,-0.682312215017,-0.720008822883,0.734459195738,0.737757603475,1.00937945416,-0.649365732585
2.790508,0.836088345764,-0.682303427882,-0.720220026134,0.734438117271,0.737679173494,1.00950426077,-0.649918055782
2.800477,0.835948336218,-0.682243930893,-0.720264455182,0.734167611981,0.737700097884,1.00951073279,-0.650167188121
2.810446,0.835897764597,-0.682045506252,-0.720301478404,0.733899719135,0.737751273503,1.00967555871,-0.650306133059
2.820415,0.835916980853,-0.681785739771,-0.720357104614,0.73377615467,0.737812868342,1.00994290421,-0.650343038171
2.830384,0.835963314113,-0.681590588943,-0.720416310171,0.73380739374,0.737869388614,1.01013810406,-0.650272670238
2.840353,0.835968386702,-0.681681694654,-0.720397407775,0.733790080284,0.737907942626,1.00986871348,-0.650066797495
2.850321,0.83613626203,-0.681792761367,-0.72043859623,0.73371491273,0.737920823025,1.00946811856,-0.650027020609
2.860290,0.836163099768,-0.681936351955,-0.720509249038,0.733737647627,0.738094245356,1.00946771523,-0.650129855247
2.870259,0.836082673102,-0.682046254377,-0.720591031341,0.733724769801,0.738401539831,1.00959229899,-0.650305852177
2.880228,0.835985293907,-0.682036621254,-0.720675285391,0.733580174464,0.738692467301,1.0096061416,-0.650518193832
2.890197,0.836048162538,-0.681762205929,-0.720774901732,0.733321003937,0.738535099728,1.00947101034,-0.650820929574
2.900166,0.836195934794,-0.681390841796,-0.720955858718,0.733185683922,0.738157330174,1.00942327633,-0.65107419288
2.910134,0.836328486584,-0.681177390764,-0.721166329195,0.733081983839,0.737921767511,1.00930890616,-0.651392428832
2.920103,0.836396710433,-0.681146724909,-0.721328969462,0.733024077839,0.737845084998,1.00924133779,-0.651617369142
2.930072,0.83634216758,-0.681256712824,-0.721377936422,0.732999697856,0.737915627432,1.00932937246,-0.651629284359
2.940041,0.836030857954,-0.681353147092,-0.721271829971,0.732877065104,0.7381824233,1.00960256243,-0.651491731826
2.950010,0.83582627218,-0.681228800912,-0.721225811013,0.732813758098,0.738406462177,1.00972284878,-0.651403884737
2.959978,0.835922503006,-0.681084072215,-0.72127744399,0.732770352603,0.738461919413,1.0097854672,-0.651479947518
2.969947,0.836165798023,-0.680930921401,-0.721355653467,0.732674933,0.738374515621,1.00984603517,-0.651641841337
2.979916,0.836347538157,-0.680770969554,-0.721398017972,0.732503923068,0.738239520179,1.00991882908,-0.651800260356
2.989885,0.836275797139,-0.680688960517,-0.721463164589,0.732466393263,0.738335746918,1.00985192209,-0.651969136496
2.999854,0.836226025626,-0.680861548677,-0.721360321293,0.732345312153,0.738690541534,1.00953045269,-0.652028628876
3.009823,0.836215437227,-0.680980141707,-0.721379190709,0.73221905999,0.738924237952,1.00921884905,-0.65200176746
3.019791,0.836247567713,-0.680941650935,-0.721559393756,0.732157017157,0.738917057135,1.00903653586,-0.651980915547
3.029760,0.836303061123,-0.680722773977,-0.721849569188,0.732202221072,0.738665528606,1.00903274474,-0.652049298604
3.039729,0.83624886392,-0.680483379372,-0.722013700905,0.732255677404,0.73847957891,1.00903771424,-0.652123247143
3.049698,0.836082487279,-0.680091323147,-0.722064520254,0.732220120276,0.738545389847,1.00901978175,-0.652224205083
3.059667,0.835916623405,-0.679803925785,-0.7220703082,0.73203700097,0.738631999307,1.00922346075,-0.652309254752
3.069635,0.835738573465,-0.679692045955,-0.722062945002,0.731807083605,0.738667872593,1.00954650475,-0.652401862055
3.079604,0.835536788857,-0.679750503533,-0.722074354437,0.731683030565,0.738646304943,1.00978893715,-0.652548002179
3.089573,0.835661968447,-0.679846821702,-0.722213333043,0.731778646164,0.738736159671,1.00992694225,-0.652813020243
3.099542,0.835916602924,-0.68000766927,-0.722082435738,0.731658646258,0.738912347817,1.00981382033,-0.653115888207
3.109511,0.836024497864,-0.680086990335,-0.721950560448,0.73144308649,0.738998999746,1.00953758179,-0.653300784566
3.119480,0.835963843616,-0.680018459017,-0.721951593204,0.731330698948,0.739058154886,1.00928359998,-0.653393807277
3.129448,0.835834376388,-0.679799368361,-0.722149963934,0.731520598564,0.7392343319,1.00927484187,-0.653486467003
3.139417,0.83587993731,-0.679843700943,-0.722336442102,0.731571436582,0.739352593855,1.00947738992,-0.65342432043
3.149386,0.835947117018,-0.680026807167,-0.722531597589,0.73135793385,0.739171403919,1.00963594116,-0.653382141049
3.159355,0.836025708369,-0.679973387484,-0.722572934566,0.731081721372,0.739060040765,1.00979831886,-0.653355901739
3.169324,0.836133747832,-0.679682137067,-0.722528607101,0.730838288208,0.739153526322,1.00990862924,-0.653338180875
3.179293,0.836297033028,-0.679372031716,-0.72260411757,0.730676227164,0.739447951283,1.00986022526,-0.653309932519
3.189261,0.836305791406,-0.679275692281,-0.722932677065,0.730735877838,0.739571434104,1.00983393004,-0.653012494487
3.199230,0.836239547495,-0.679154756601,-0.723174082172,0.730824065543,0.739617105874,1.00984105274,-0.652912590862
3.209199,0.836112987637,-0.679203777803,-0.723275848312,0.730864355724,0.739579532922,1.00985769868,-0.652990711666
3.219168,0.836010684094,-0.679461195219,-0.723212972682,0.730893128966,0.739430887045,1.00987094396,-0.653220678982
3.229137,0.836075134624,-0.679839949174,-0.722986385888,0.731032016949,0.739130337777,1.00987448633,-0.653562727448
3.239105,0.836093309136,-0.679722194804,-0.722844328574,0.730893545197,0.738994932783,1.00981115881,-0.653922987878
3.249074,0.835967660293,-0.679505483405,-0.722737490596,0.730951486552,0.739008191685,1.00984576856,-0.654127813827
3.259043,0.835872656646,-0.679449493604,-0.722742173273,0.731030255982,0.738997087083,1.01000234704,-0.654144164544
3.269012,0.835924120254,-0.679643992929,-0.722876899888,0.731040672488,0.73895611797,1.01014158293,-0.654067904746
3.278981,0.836188167448,-0.680009536935,-0.723101961328,0.730976046441,0.73905673107,1.00993736484,-0.654139900536
3.288950,0.836057990075,-0.680427518488,-0.7233747785,0.73085468159,0.739155994534,1.00949912626,-0.654447655583
3.298918,0.83580683841,-0.680750287778,-0.723545726006,0.73087768138,0.739347479868,1.00939017738,-0.654495716147
3.308887,0.83561371725,-0.680920513186,-0.723444020254,0.731004298168,0.739581706927,1.00961929362,-0.654350966808
3.318856,0.83561662996,-0.680892728886,-0.723126825555,0.73111719277,0.739764739659,1.01007698267,-0.654153141016
3.328825,0.835921657599,-0.680619878521,-0.722978813428,0.730979972441,0.739728349128,1.01049698501,-0.654145748796
3.338794,0.836191635898,-0.680297994517,-0.723318887119,0.730904546632,0.739739975308,1.01041754284,-0.654390545222
3.348762,0.836294268966,-0.680239174113,-0.723566015165,0.730841289633,0.739945779575,1.01030573532,-0.654654155685
3.358731,0.836362718739,-0.680448497226,-0.723685097749,0.730838407115,0.740108380394,1.01016262069,-0.654756990947
3.368700,0.836458633776,-0.680829862245,-0.723709741408,0.730895623456,0.740014835655,1.00994222356,-0.654664423512
3.378669,0.836485724288,-0.681122818429,-0.72375392945,0.730913614595,0.739486345748,1.00953373946,-0.654601307744
3.388638,0.83630658603,-0.681405725788,-0.723601847613,0.731061056715,0.739397350078,1.00951019595,-0.65459394859
3.398607,0.836107277399,-0.681596560746,-0.723509863429,0.731292140676,0.739315426624,1.00981082024,-0.654645345611
3.408575,0.836094000015,-0.681737669236,-0.723580493854,0.731427123441,0.739297796341,1.01013713232,-0.654832055503
3.418544,0.836308964597,-0.681882831333,-0.723806922093,0.731372404652,0.739413049802,1.01026289167,-0.655101348526
3.428513,0.836383480919,-0.68209328989,-0.72394364581,0.731261544718,0.739681094371,1.01016560183,-0.655043224037
3.438482,0.836119671126,-0.682469516753,-0.723807961652,0.731226810229,0.739368460616,1.01050706726,-0.654983381995
3.448451,0.835966634512,-0.682868692562,-0.723761319234,0.731120090099,0.739066529204,1.01078926807,-0.6550125171
3.458420,0.835874119769,-0.68320192574,-0.723820768018,0.731038534821,0.73894302471,1.01099977633,-0.655070244544
3.468388,0.835768419073,-0.683382991208,-0.723929646764,0.731086306219,0.739075008271,1.01113400513,-0.655108139385
3.478357,0.835715280791,-0.683280007108,-0.723925625415,0.731307528964,0.739446782704,1.01097898777,-0.655190007471
3.488326,0.835622339716,-0.683266562799,-0.724079328754,0.731484239875,0.739660775289,1.01077973046,-0.655323056363
3.498295,0.8354879966,-0.683230107931,-0.724176846062,0.731553059017,0.739540298404,1.01061940159,-0.655643701157
3.508264,0.835410435517,-0.68319309889,-0.724192294596,0.731544738862,0.739265514325,1.0104809443,-0.656015795311
3.518232,0.835476429269,-0.683265601789,-0.72412125499,0.73150799836,0.739077548402,1.0103619978,-0.656230716661
3.528201,0.835646290613,-0.683904843935,-0.723875631531,0.7314768578,0.739175021497,1.01043535435,-0.655950532623
3.538170,0.835791175362,-0.684350230656,-0.723797718715,0.731525997765,0.739668924799,1.01076499373,-0.65563860592
3.548139,0.835890279601,-0.684558789434,-0.723912885611,0.731634626701,0.740100171764,1.01114464453,-0.655666490639
3.558108,0.835929050676,-0.684768097341,-0.724149411213,0.731799562807,0.740269638562,1.01143028656,-0.65583792965
3.568077,0.835910498697,-0.685205000192,-0.724381867616,0.732029653196,0.740123870184,1.01151329942,-0.655862089758
3.578045,0.835930311558,-0.685466204882,-0.72433515973,0.732420833495,0.740149932122,1.01142596936,-0.655864628371
3.588014,0.835840039152,-0.685354161017,-0.724157030021,0.732677427813,0.739800939867,1.01127121437,-0.655984497616
3.597983,0.835822636964,-0.685071744627,-0.724008199071,0.732838431039,0.739516814029,1.01101216469,-0.656165789487
3.607952,0.835909190477,-0.684886243414,-0.723990362689,0.732959018984,0.739468312456,1.01066658363,-0.656335176873
3.617921,0.836057224646,-0.685066328534,-0.724153423797,0.733103321965,0.739703363491,1.01030764257,-0.656412955728
3.627889,0.83601768862,-0.685531802153,-0.724210925347,0.733304637675,0.739934997666,1.01034127783,-0.656359343338
3.637858,0.83602766484,-0.685786929513,-0.724338169963,0.733434218289,0.739958152852,1.01047909655,-0.656250998432
3.647827,0.836089270753,-0.685947493744,-0.724392291454,0.733438680022,0.739919407748,1.01075595026,-0.656249063775
3.657796,0.836083694504,-0.6859518984,-0.72436808634,0.733387211169,0.739924544026,1.01113030418,-0.656402419626
3.667765,0.8358623641,-0.685675272601,-0.72433325771,0.733394866479,0.740044821846,1.01150191293,-0.656682200152
3.677734,0.835856211513,-0.685234191583,-0.724474435687,0.733228001564,0.739924927765,1.01151408511,-0.656654774651
3.687702,0.835839734565,-0.685060199358,-0.724418128746,0.733374154339,0.739725214001,1.01138548316,-0.656396900296
3.697671,0.835729130996,-0.685032415579,-0.724353034826,0.733671253297,0.739671021429,1.01108566724,-0.656280841651
3.707640,0.835638936406,-0.685105716501,-0.724427735426,0.733948006433,0.739781149713,1.0106522666,-0.656348209653
3.717609,0.835808242511,-0.685265554284,-0.724758031671,0.734019274211,0.739941600459,1.01018695263,-0.656435668506
3.727578,0.836121066236,-0.68525963558,-0.724763630638,0.734084341129,0.740036110117,1.01024069417,-0.65647548602
3.737547,0.836219522601,-0.685255184247,-0.724673670452,0.734208015881,0.740052366281,1.01020688387,-0.656657230791
3.747515,0.836136255919,-0.685129589592,-0.72458917575,0.734288665632,0.740166661033,1.01006109747,-0.656863942269
3.757484,0.836009509272,-0.684886131335,-0.724587651942,0.734346293584,0.740375149271,1.00990247696,-0.656928912253
3.767453,0.836080397755,-0.684636929217,-0.724732161124,0.734505236199,0.74052033782,1.00994347201,-0.656631549171
