time,right_s0,right_s1,right_e0,right_e1,right_w0,right_w1,right_w2
0.683802,0.839269938365,-0.677011590541,-0.721904563046,0.716319940712,0.748207647094,1.04498373562,-0.651981918494
0.693775,0.839901035589,-0.67656633123,-0.721419452401,0.71813558306,0.748395534136,1.04468317882,-0.651250308329
0.703748,0.84056454794,-0.676513904226,-0.721151159309,0.719987870979,0.748659199227,1.04421530318,-0.650595950635
0.713721,0.841227882003,-0.676711722018,-0.720993672676,0.721816352298,0.749040006078,1.04384967381,-0.649976476779
0.723694,0.841917531688,-0.677024412434,-0.720911773992,0.723800698672,0.749447310683,1.04364142092,-0.6495115693
0.733667,0.842703327549,-0.677335998129,-0.720927351379,0.726261015209,0.749708556641,1.04346965727,-0.6494050792
0.743640,0.84365788085,-0.677647522626,-0.721094815706,0.729061087927,0.749864221671,1.04311401069,-0.649401494183
0.753613,0.84468802738,-0.678174954952,-0.721341673702,0.7317882499,0.750041867667,1.04297338888,-0.649333986609
0.763585,0.845642040097,-0.678963703805,-0.721602118368,0.734582842278,0.750234297033,1.04298962582,-0.649331209778
0.773558,0.84643825222,-0.6799839954,-0.721813520758,0.737461709705,0.750474107061,1.04300253617,-0.649411297917
0.783531,0.847072344602,-0.681174981256,-0.721935081192,0.740413398474,0.750788845654,1.04287713715,-0.649568041764
0.793504,0.847789484944,-0.682548694723,-0.722035893701,0.743583687637,0.751093633266,1.04288293425,-0.649944459413
0.803477,0.848579080746,-0.683963914021,-0.722227206094,0.747150234491,0.751299286757,1.04305332997,-0.650530371023
0.813450,0.849216859597,-0.685361833197,-0.722619808686,0.75077418843,0.751372100927,1.04332567966,-0.651136082567
0.823423,0.849793017428,-0.686868683841,-0.723065907253,0.754276941186,0.751344666668,1.04374359755,-0.651742984651
0.833396,0.850477754616,-0.688557356647,-0.723412710646,0.757627512669,0.751318575801,1.04431707307,-0.652377817765
0.843369,0.85147957409,-0.69024099833,-0.723663320559,0.761125635891,0.751548258251,1.04491279037,-0.653099663261
0.853342,0.852530749902,-0.691897601465,-0.724198014094,0.765074307554,0.752032655014,1.04518691523,-0.653841231915
0.863315,0.853389558393,-0.693822990086,-0.724991506238,0.76896252051,0.752500345098,1.04536900602,-0.65449010342
0.873288,0.85409205444,-0.696033384801,-0.725781438102,0.772790402408,0.752875032506,1.04563397967,-0.654958438033
0.883261,0.854778263341,-0.698415761651,-0.726407094207,0.776688456688,0.753111307185,1.04602913965,-0.655279484973
0.893234,0.855699890212,-0.700711011928,-0.726911990007,0.780912473223,0.753181422929,1.04640774534,-0.65566591641
0.903207,0.856580662639,-0.7028670858,-0.727572385552,0.785179425843,0.753230004901,1.04664538017,-0.656169057682
0.913179,0.857332358929,-0.705064914059,-0.728312872857,0.789244933287,0.753467169729,1.0468603321,-0.656664602844
0.923152,0.858055552373,-0.70726112611,-0.729041384812,0.793232549285,0.753732147944,1.04713042889,-0.657241061054
0.933125,0.85880707543,-0.709536555354,-0.729697856409,0.79732854897,0.75387042903,1.04743237298,-0.657908360523
0.943098,0.859595029778,-0.712077615174,-0.730266864757,0.801742635057,0.753758876656,1.04765618742,-0.658594612629
0.953071,0.860374966871,-0.714962362103,-0.730993770584,0.80634387366,0.753481803084,1.04775704154,-0.659084720441
0.963044,0.861112080138,-0.717799911203,-0.731736241143,0.810733632758,0.753310485127,1.04806954624,-0.659618699712
0.973017,0.861733544379,-0.720469633088,-0.732419345722,0.815088305727,0.753217943093,1.04839413964,-0.660187573607
0.982990,0.862290703735,-0.722983240944,-0.733090662024,0.819515893155,0.753215649074,1.04870424942,-0.660784416364
0.992963,0.862899878776,-0.725447074945,-0.73386080998,0.824059153349,0.753315272018,1.04908776947,-0.661417366913
1.002936,0.863688141814,-0.728142620687,-0.73486205029,0.828543938498,0.753417461422,1.04985935028,-0.662214735868
1.012909,0.864334521417,-0.730877964317,-0.735962707941,0.832961378652,0.753413776114,1.05064335949,-0.663147200553
1.022882,0.864801752188,-0.7336213473,-0.737086244772,0.837406549857,0.753399759046,1.05140605473,-0.664167344222
1.032855,0.865285160337,-0.736446489088,-0.738119936807,0.841850532455,0.753434155704,1.05201014617,-0.665236236046
1.042828,0.865986481008,-0.739410096783,-0.738991876227,0.846265126256,0.753523556996,1.05229647265,-0.666284275553
1.052801,0.866912700139,-0.742422355827,-0.739798548092,0.850743441302,0.753523461118,1.05208519941,-0.667128768052
1.062773,0.867670006259,-0.74534707645,-0.740779168628,0.855296978268,0.753232050739,1.05195331191,-0.667761034988
1.072746,0.868335423178,-0.748210632922,-0.741789670628,0.859810150349,0.752787031988,1.0520966528,-0.668318316269
1.082719,0.869061514104,-0.750950905707,-0.742853279799,0.864235999266,0.75237258395,1.0525090361,-0.668931422378
1.092692,0.869913864125,-0.753591750357,-0.743972109285,0.868595940045,0.752153893462,1.05315603962,-0.669659955125
1.102665,0.870773902299,-0.756335370786,-0.745071722881,0.873021009913,0.752248265372,1.05402091151,-0.670429508299
1.112638,0.871535657721,-0.759508638608,-0.745921899896,0.877544316891,0.752267087791,1.05474780463,-0.671109976565
1.122611,0.872243849593,-0.762648602215,-0.746918554044,0.882077335337,0.751955440756,1.05541539321,-0.671756104183
1.132584,0.873005230818,-0.765746214299,-0.748070474385,0.88669584719,0.751384010964,1.055946309,-0.672421752901
1.142557,0.873835164776,-0.768831109602,-0.749267971491,0.891343348184,0.750788296653,1.0562886654,-0.67307732949
1.152530,0.874647103209,-0.771947299758,-0.750304298908,0.895822015249,0.750541576511,1.05643381383,-0.673612391068
1.162503,0.875318925693,-0.774857744796,-0.751215193549,0.900045856227,0.750688963853,1.05667166041,-0.674198355634
1.172476,0.876104463508,-0.777627120787,-0.752254649377,0.904252887007,0.750692653585,1.05707460335,-0.675097218583
1.182449,0.876866480969,-0.780492141914,-0.753356185912,0.908509027837,0.750535350695,1.05758713491,-0.676044333274
1.192422,0.877531108084,-0.783484482286,-0.754444171019,0.91281129121,0.750213024422,1.0581382045,-0.676876519261
1.202395,0.8780800532,-0.786488532501,-0.755444364603,0.917108628927,0.749750636116,1.05863952592,-0.677534180151
1.212367,0.878623663625,-0.789191880493,-0.756331862583,0.921296953656,0.749326405905,1.05892069519,-0.678319398236
1.222340,0.879210469717,-0.79185760332,-0.757223749102,0.925381809316,0.748923270992,1.05926392422,-0.67927213307
1.232313,0.879764158724,-0.794586770819,-0.758197215304,0.92945212577,0.748460669517,1.05977887858,-0.680207197319
1.242286,0.880230379326,-0.797428295951,-0.75926291989,0.933534424941,0.748020909535,1.06041455118,-0.681080726134
1.252259,0.880580757958,-0.800382240373,-0.760386037924,0.937605022069,0.747699652506,1.06108301782,-0.681897766146
1.262232,0.88085230961,-0.803327358903,-0.761441916821,0.94149936416,0.747422738254,1.06179291572,-0.68266900135
1.272205,0.881186317402,-0.80603745752,-0.762357041148,0.945183392041,0.747012653768,1.06271367871,-0.683373628995
1.282178,0.881596433519,-0.808706773212,-0.763177703007,0.948846818845,0.746563505157,1.06370034982,-0.684191146363
1.292151,0.882004425043,-0.811478805521,-0.763969239586,0.952511361688,0.746098359532,1.06475287342,-0.685100434041
1.302124,0.882338274645,-0.81441193051,-0.764797438147,0.956150737166,0.745644889335,1.06591267576,-0.686021837922
1.312097,0.882574866211,-0.817392446932,-0.76571838795,0.959686242125,0.745266429455,1.06727539785,-0.686821916706
1.322070,0.882764430696,-0.820168700426,-0.766468472915,0.96305845447,0.74503856405,1.0689135509,-0.687604796483
1.332043,0.88293494625,-0.822837555255,-0.767079761261,0.966347846504,0.744744425815,1.07083719474,-0.688355576427
1.342016,0.883069076621,-0.825498772405,-0.767784182231,0.969619727227,0.744365812403,1.07291916429,-0.689103698405
1.351989,0.883182014119,-0.828209529457,-0.768672913242,0.972898367857,0.743906519783,1.07501849388,-0.689904246174
1.361961,0.883331405674,-0.830967879899,-0.769637435603,0.976154954081,0.743381268799,1.07700145635,-0.69083668914
1.371934,0.883456025134,-0.833619313626,-0.770312258359,0.979315237446,0.742840129538,1.07893191539,-0.691854185364
1.381907,0.883377900445,-0.836310423572,-0.770994651674,0.982519369934,0.742365061754,1.0808358347,-0.692867702692
1.391880,0.883106971656,-0.83908901772,-0.771709157509,0.985598385145,0.741914494438,1.08289705192,-0.693830581208
1.401853,0.88279308659,-0.841887266935,-0.772461708371,0.988434419291,0.74147077309,1.08527868419,-0.694692521983
1.411826,0.882679972253,-0.844560759952,-0.773261211938,0.990989422568,0.741045911165,1.08808175076,-0.695422810138
1.421799,0.882983756024,-0.847038231266,-0.774367160104,0.99367246814,0.740813026581,1.09094974716,-0.696241653618
1.431772,0.88332999984,-0.849598120025,-0.775616000462,0.996582134086,0.740593922735,1.09334566152,-0.697200369989
1.441745,0.883626860734,-0.852270819457,-0.776822215957,0.999525453544,0.740191168146,1.09545007765,-0.698067513319
1.451718,0.883895896817,-0.855029846166,-0.777997624369,1.00236157721,0.739625962369,1.09752372581,-0.698782845114
1.461691,0.88419193423,-0.857822019155,-0.7792026863,1.00502117585,0.739006066199,1.09982735164,-0.699390501661
1.471664,0.884500648101,-0.860594549119,-0.780329642892,1.00770268912,0.738401178777,1.10242836492,-0.700111682993
1.481637,0.884705158798,-0.863172478754,-0.781244516815,1.01072449304,0.737775016061,1.10518339801,-0.701060690684
1.491610,0.884793938979,-0.865640376048,-0.78213433066,1.01371949446,0.737243689053,1.10778627023,-0.702074263931
1.501583,0.884797204994,-0.868104864669,-0.783065859199,1.01651429298,0.736790759287,1.11015126409,-0.703081489808
1.511555,0.884787960034,-0.870649713096,-0.784093561614,1.01909846355,0.736344579472,1.11233781225,-0.704048182106
1.521528,0.884926981989,-0.873278572969,-0.785312722601,1.02179557277,0.735760264423,1.11466523243,-0.704993837028
1.531501,0.885307023202,-0.875830215587,-0.78668287042,1.0246110451,0.735416537371,1.117516462,-0.705791918611
1.541474,0.88570442816,-0.878169827891,-0.787920016783,1.02735753897,0.735296683521,1.12025539892,-0.706476195125
1.551447,0.886002394068,-0.880413038395,-0.789002863523,1.03002303478,0.734980099018,1.12261293959,-0.707179730626
1.561420,0.886168200211,-0.882692060366,-0.790025424801,1.03262203864,0.734175308447,1.12459981506,-0.708010556992
1.571393,0.886281286696,-0.885120573559,-0.791212669475,1.03518212397,0.732847878742,1.12659046572,-0.709020750623
1.581366,0.886421120616,-0.887705954894,-0.792444481294,1.03774031996,0.731645753388,1.12895620637,-0.709860724348
1.591339,0.886554842689,-0.89033233488,-0.793535953703,1.04015148284,0.73063700002,1.13132612593,-0.710610697228
1.601312,0.88674608022,-0.892830293631,-0.794574128544,1.04246504075,0.729700331609,1.13354302754,-0.711310089388
1.611285,0.886949540279,-0.895172502792,-0.795627613067,1.04483361981,0.728813492427,1.13562901286,-0.711942624273
1.621258,0.887029481922,-0.897463416786,-0.796736051,1.04746593079,0.728040068287,1.13775630695,-0.71245733789
1.631231,0.88691822017,-0.899890247149,-0.797833022666,1.05011108937,0.727356555413,1.14001989866,-0.71305705293
1.641204,0.887013482128,-0.902285244034,-0.798707241306,1.05247797811,0.726498501517,1.14222958728,-0.713751778307
1.651177,0.88728498799,-0.904668094105,-0.799413477928,1.05474102046,0.725449827607,1.14431883752,-0.714462193643
1.661149,0.8876220041,-0.907036522981,-0.800172922625,1.057010627,0.724240161304,1.14627223632,-0.715230934868
1.671122,0.887893671843,-0.909378609483,-0.801230442502,1.05934808744,0.722928435314,1.14811955581,-0.716141334938
1.681095,0.888122431422,-0.911681999448,-0.802450422059,1.06167790799,0.721572563181,1.14999702419,-0.717176028476
1.691068,0.888276480672,-0.913819737672,-0.803316370937,1.06398678613,0.720367653363,1.1518830495,-0.718130459101
1.701041,0.888301218119,-0.915841528989,-0.804104336993,1.06637371341,0.719231879972,1.15370434129,-0.718917262768
1.711014,0.888268506108,-0.917915848808,-0.804949827712,1.06880753816,0.718115065279,1.15543155565,-0.71957944349
1.720987,0.888288511661,-0.920178064996,-0.805887888197,1.07120007451,0.716994469928,1.15707392156,-0.720211103951
1.730960,0.888486635426,-0.922550671643,-0.806725350447,1.07338081038,0.715923306489,1.15872114838,-0.720949610573
1.740933,0.888777130166,-0.924650706961,-0.807444758263,1.07544884396,0.714804213289,1.1605058247,-0.721528029544
1.750906,0.889054828723,-0.926701375991,-0.808077456856,1.07751997331,0.713594009527,1.16235614215,-0.7220358942
1.760879,0.889275290501,-0.928810809142,-0.808615588695,1.07966961968,0.7123099595,1.16417900921,-0.722667826442
1.770852,0.889402743413,-0.931009469888,-0.80907934728,1.08194131949,0.710963658402,1.1659034506,-0.723503108378
1.780825,0.889400466438,-0.933210726968,-0.809542078437,1.08433299957,0.709536527534,1.16750383327,-0.724389624357
1.790798,0.889298126767,-0.935285368829,-0.810104286689,1.08667141384,0.708012289551,1.16904511748,-0.725111980689
1.800771,0.889247910865,-0.937263556305,-0.810610017616,1.08881140376,0.706507915159,1.1707008963,-0.72578560239
1.810743,0.889283463604,-0.939209233743,-0.81101259279,1.09078690667,0.705040659052,1.17240959228,-0.726347052484
1.820716,0.889357717562,-0.94116473357,-0.811332504004,1.0926544848,0.703603459515,1.17408672947,-0.726780742446
1.830689,0.889350883483,-0.943146056422,-0.811650076253,1.0944813595,0.702166451493,1.1756475386,-0.727132458979
1.840662,0.889261101305,-0.945180414525,-0.811886707846,1.09625522572,0.700632252492,1.1773557454,-0.727632039103
1.850635,0.889215451631,-0.947301026996,-0.812039674899,1.0981511717,0.698854165425,1.17931101396,-0.728229379475
1.860608,0.889192931648,-0.949349649719,-0.812294808802,1.10022516115,0.696878408198,1.18121882331,-0.728862255482
1.870581,0.889204890914,-0.951276995946,-0.812729023535,1.10238586662,0.694790096439,1.18288108266,-0.729459921427
1.880554,0.889275870628,-0.95313038113,-0.813321189523,1.10445107005,0.692712833226,1.18420839739,-0.729955369104
1.890527,0.889392873644,-0.955231923848,-0.813787675919,1.10619703935,0.690897273148,1.1855019006,-0.730340507332
1.900500,0.889488288172,-0.957409421682,-0.814097030051,1.10787018786,0.689598595329,1.18697073625,-0.730892775109
1.910473,0.889545774664,-0.959491706453,-0.814385728598,1.10959436031,0.688461735306,1.18856400767,-0.731587246961
1.920446,0.889580024087,-0.961445407266,-0.814756715092,1.11137093252,0.687194921514,1.19023541592,-0.732295260026
1.930419,0.889602354369,-0.963301183278,-0.815262911043,1.11315828943,0.685614268715,1.19191854102,-0.732873456468
1.940392,0.889560817878,-0.965157145324,-0.815799435733,1.11490064914,0.683901903942,1.19347221245,-0.733256577315
1.950365,0.889372428412,-0.967180185598,-0.816102439504,1.1165723614,0.682401209211,1.19494293432,-0.733669317018
1.960337,0.889241122827,-0.969219884097,-0.8162653268,1.11823187064,0.681074318984,1.19644986994,-0.734155560201
1.970310,0.889252436089,-0.971146780096,-0.816437867217,1.11990430485,0.679852196136,1.19801869138,-0.734672793548
1.980283,0.889371356235,-0.972920462598,-0.816722484318,1.12158719599,0.67864392424,1.19965411209,-0.735191521516
1.990256,0.889342642383,-0.974685083632,-0.817094164232,1.12322737052,0.67733159998,1.20135211057,-0.735745728922
2.000229,0.88899206769,-0.976591106903,-0.817289125702,1.12479326097,0.676024164647,1.20295980178,-0.736414957683
2.010202,0.888649049172,-0.978440753373,-0.817458839211,1.1263866475,0.674790588125,1.2045749585,-0.737094256045
2.020175,0.88837141538,-0.980142395421,-0.817662189308,1.12806901689,0.673472694386,1.20626074241,-0.737730804882
2.030148,0.88816024051,-0.981676641341,-0.817880346672,1.12983818809,0.672005688231,1.20803869865,-0.738310643112
2.040121,0.887967358991,-0.983105821316,-0.818008119279,1.13161786431,0.670461037946,1.20988167705,-0.738862484142
2.050094,0.887846932465,-0.984683787886,-0.818011219649,1.13326874081,0.669315395009,1.21182317581,-0.739169737247
2.060067,0.887714650034,-0.986364267389,-0.818122103512,1.13480338525,0.668327234308,1.21368616794,-0.739358171257
2.070040,0.88748283248,-0.988062952108,-0.818331689704,1.13628059513,0.667163725309,1.21541060207,-0.7396599829
2.080013,0.887159575123,-0.989787374474,-0.818596323741,1.13776385378,0.665772516539,1.21696884926,-0.74012827169
2.089986,0.886825449558,-0.991598527993,-0.818852728976,1.13930150162,0.664336841939,1.21837748144,-0.740675007567
2.099959,0.886603629444,-0.993421480412,-0.819092182661,1.14073643269,0.663442013114,1.21986782359,-0.741096298604
2.109931,0.886376741865,-0.994995462884,-0.819298398736,1.14195724699,0.662844376944,1.22165245031,-0.74149171098
2.119904,0.886104738265,-0.996427596364,-0.81951214409,1.14314212222,0.662310684701,1.22358979911,-0.74194249359
2.129877,0.885741047577,-0.99785969899,-0.819712564209,1.14442163911,0.661754618814,1.22556386827,-0.742437930332
2.139850,0.885261503081,-0.999427130667,-0.819866784542,1.14585838172,0.661135996091,1.22748571106,-0.742932560863
2.149823,0.884751627814,-1.00115573702,-0.819997442349,1.14726143904,0.660364433778,1.2293785856,-0.743390399075
2.159796,0.884347433136,-1.00277949072,-0.820244640188,1.14861108166,0.659586420069,1.23130720232,-0.743764816135
2.169769,0.88395683351,-1.0043194294,-0.820545929329,1.15007780478,0.658920278026,1.23310315504,-0.744059296096
2.179742,0.883565018898,-1.00590581,-0.820848381985,1.15157983795,0.658313989723,1.23477963418,-0.744361658746
2.189715,0.883176012484,-1.0076131516,-0.821103850369,1.15299713481,0.657685841036,1.23643273182,-0.744753851972
2.199688,0.882806043547,-1.00930850359,-0.821272496762,1.15423989745,0.656969610736,1.23827798398,-0.745258432496
2.209661,0.882524770651,-1.01076644111,-0.821439798,1.15556827804,0.656289324347,1.24015682911,-0.745643619257
2.219634,0.882312517227,-1.0122031839,-0.82162394172,1.15691646676,0.655922499115,1.24199762888,-0.745882738073
2.229607,0.882056326687,-1.01368045829,-0.821773556486,1.15821423175,0.655845603804,1.24389999416,-0.74609976375
2.239580,0.881649545772,-1.01522637772,-0.821897283495,1.15945305488,0.6558864926,1.24590766155,-0.746362122052
2.249553,0.881010036502,-1.01683792208,-0.822098961595,1.16071463855,0.655710303341,1.24796136635,-0.746631043887
2.259525,0.880348113715,-1.01841297758,-0.822475675585,1.161903957,0.655455850126,1.24996242472,-0.74689628145
2.269498,0.879818315568,-1.01988209989,-0.822810216509,1.16295241113,0.655187484088,1.25197247015,-0.747343526386
2.279471,0.879327624493,-1.02127232162,-0.823010841131,1.16395609879,0.654793554416,1.25390995587,-0.747854221798
2.289444,0.878802615291,-1.02258049722,-0.823054434834,1.16497821557,0.654348482607,1.25574484441,-0.748307322498
2.299417,0.878194209553,-1.02379022079,-0.822987229236,1.16604069547,0.654079234615,1.25750311909,-0.748599724649
2.309390,0.87746613401,-1.02512003377,-0.823038856575,1.16701241273,0.6541701258,1.25937205479,-0.748807553146
2.319363,0.876745319845,-1.02669178412,-0.823255278751,1.16798713792,0.654172808986,1.26142134878,-0.749090565969
2.329336,0.876173621784,-1.02823430451,-0.823449611245,1.16893945729,0.654088431045,1.26359086259,-0.749392796895
2.339309,0.875746943578,-1.02965069852,-0.823535458684,1.16982493658,0.65398514458,1.26574508588,-0.749695579623
2.349282,0.875377159417,-1.03095581199,-0.82352102258,1.17063361344,0.653930618174,1.26772240337,-0.750022559155
2.359255,0.874900458646,-1.0323518218,-0.823722430153,1.17163506664,0.653769112201,1.26941026793,-0.750577586211
2.369228,0.874444010272,-1.03377176128,-0.824119233518,1.17280524567,0.65357586643,1.27117126037,-0.751166058483
2.379201,0.874063679043,-1.03518028882,-0.824379534479,1.17389508632,0.653437578784,1.27304157214,-0.751562177323
2.389174,0.873700716349,-1.03651351653,-0.824453241651,1.17484766684,0.6533069961,1.27482909834,-0.751815032749
2.399147,0.873253658476,-1.0377075727,-0.824419515686,1.17569572052,0.653115744915,1.27635152503,-0.752083088101
2.409119,0.872568306103,-1.03870543452,-0.824540142529,1.17659958531,0.652831722603,1.27762714739,-0.752653377367
2.419092,0.871756652218,-1.03977533622,-0.824681930331,1.17768014315,0.652613931207,1.27898812111,-0.753509498454
2.429065,0.871090623834,-1.04088333177,-0.824708271139,1.17888194855,0.652436210546,1.2803653091,-0.754583375965
2.439038,0.870592215369,-1.04203418451,-0.824692397349,1.18006015323,0.652252730695,1.28169121307,-0.755914738171
2.449011,0.870184925297,-1.04325099303,-0.824729254951,1.1810825169,0.652047920576,1.28292082246,-0.757475354062
2.458984,0.86967778865,-1.04458510736,-0.824906228876,1.18185860215,0.65186480389,1.28404668889,-0.759112831411
2.468957,0.869064912815,-1.04579206228,-0.825105591188,1.18271253322,0.651757343453,1.2851468559,-0.760535150734
2.478930,0.868530289217,-1.04692204849,-0.825243789888,1.1835710677,0.651520407923,1.28651669332,-0.761863588531
2.488903,0.868027424382,-1.04796864337,-0.825272686938,1.1844099946,0.651075141631,1.28805595016,-0.763230135675
2.498876,0.86750236819,-1.04885506021,-0.82519507368,1.18525336194,0.650461571828,1.28958034965,-0.764736849179
2.508849,0.866908189961,-1.04945048209,-0.825072169552,1.18616113601,0.649836039162,1.29085792808,-0.76644190982
2.518822,0.866324203627,-1.04993217365,-0.825258448875,1.18688605155,0.649490210633,1.29204049468,-0.768189694385
2.528795,0.865903986069,-1.05073845094,-0.825573852744,1.18751835958,0.649447402297,1.2933522655,-0.769828146706
2.538768,0.865647485525,-1.05168294215,-0.825899253632,1.18832834034,0.649529099744,1.29472095715,-0.771418354421
2.548741,0.865423067811,-1.05256815053,-0.826188861968,1.1893059362,0.649545428976,1.29612592581,-0.772971020914
2.558714,0.865044300548,-1.05323493639,-0.826436081617,1.19026959606,0.649327130615,1.29759272015,-0.774480433796
2.568686,0.864485322575,-1.05388586274,-0.826603078949,1.19094827346,0.648903770433,1.29932030371,-0.776032395898
2.578659,0.864001214039,-1.05461509203,-0.826746857204,1.19159176806,0.648310361186,1.30104932367,-0.777371306477
2.588632,0.863591982514,-1.05525784497,-0.826828573028,1.19217713105,0.647539386452,1.30266300678,-0.778534297136
2.598605,0.863203530055,-1.05578779539,-0.82688022833,1.19277067781,0.646709772837,1.30420435894,-0.779628332852
2.608578,0.862774524962,-1.05627033905,-0.826944798187,1.19345976405,0.645946123291,1.30572810594,-0.780746349533
2.618551,0.862285079616,-1.05696490514,-0.827016921932,1.19431382143,0.645225297591,1.30712291614,-0.781816028528
2.628524,0.86188438079,-1.05785242804,-0.827007886715,1.19509110571,0.644535893138,1.30825847383,-0.782880667741
2.638497,0.861603286105,-1.05859338281,-0.827135953082,1.19580756885,0.643986647917,1.30933879991,-0.783949996947
2.648470,0.861439940035,-1.05916869673,-0.827427756068,1.19648215097,0.643438592876,1.31047185581,-0.784934985661
2.658443,0.861336839658,-1.05963986217,-0.827801666863,1.19713218633,0.642718937561,1.31173030246,-0.785771527486
2.668416,0.86113701515,-1.06012734349,-0.828015111673,1.19776566866,0.641658190416,1.31314451531,-0.78647225244
2.678389,0.860752814211,-1.06061335961,-0.827986994497,1.19849322462,0.640470924541,1.3145659098,-0.787378994597
2.688362,0.860461260291,-1.06118320871,-0.827999457369,1.19931078801,0.639332935827,1.31591857272,-0.788446639891
2.698335,0.860250925884,-1.06176617948,-0.828031615994,1.20009250637,0.638258768831,1.31720202175,-0.789485770871
2.708308,0.860050028153,-1.06228829416,-0.828063607807,1.20077277149,0.637253082677,1.31840566669,-0.790396812766
2.718280,0.859741132498,-1.06268935112,-0.828098990075,1.20136935912,0.636319151152,1.31950308909,-0.791207002762
2.728253,0.859392101555,-1.06315061986,-0.828338344102,1.2019292307,0.635467402489,1.32054136397,-0.792392720619
2.738226,0.859157298961,-1.06381152212,-0.828464147557,1.20249784586,0.634551630854,1.32161739811,-0.793800186238
2.748199,0.858958757884,-1.06451693553,-0.82846456059,1.203070729,0.633560655526,1.32269765301,-0.795197509602
2.758172,0.858843842624,-1.06515800339,-0.828443971495,1.20360458618,0.6325232943,1.32374121487,-0.79650050328
2.768145,0.858936002315,-1.06568194653,-0.828568980055,1.2040463543,0.631468742473,1.32471771233,-0.797731894269
2.778118,0.859301181539,-1.06627132372,-0.828843984697,1.20451395521,0.630093820532,1.32575785462,-0.798931222528
2.788091,0.859405718219,-1.06702533575,-0.829096758878,1.20497540263,0.628478114421,1.32694910335,-0.800201555096
2.798064,0.859180636909,-1.06772715061,-0.82918612716,1.2053513401,0.626979650297,1.32813687621,-0.801631206649
2.808037,0.858815570208,-1.06829670262,-0.829185174006,1.20568254855,0.625715213831,1.32924812557,-0.803166539229
2.818010,0.858584780946,-1.06874546645,-0.829238782742,1.2060644928,0.624634247888,1.33025910727,-0.804696851335
2.827983,0.858680225875,-1.06927575038,-0.829441897816,1.20664356604,0.623318778987,1.33123279144,-0.806108230539
2.837956,0.858690571206,-1.06976913713,-0.829446709825,1.20730403562,0.62171268679,1.33210926327,-0.807511438946
2.847929,0.858695297651,-1.07020905215,-0.829407111338,1.2078631516,0.62018258648,1.33292400087,-0.808814069315
2.857902,0.85871505899,-1.07057690445,-0.829437008431,1.20833277323,0.618768944274,1.33375709987,-0.810017727817
2.867874,0.858730362803,-1.07089160727,-0.829609689131,1.20876047586,0.61744786079,1.33463715043,-0.811210229499
2.877847,0.858643423506,-1.07126382062,-0.829918918408,1.20918254154,0.616197241417,1.33543411814,-0.812653085564
2.887820,0.858675367628,-1.07172468036,-0.830001605977,1.20965156148,0.61496881797,1.33593013778,-0.814006701529
2.897793,0.858803078645,-1.07225479116,-0.829927941516,1.21015187405,0.613816443577,1.33635153153,-0.814975480796
2.907766,0.858916445455,-1.07293923296,-0.829895250825,1.21070676868,0.612861947519,1.33687206735,-0.815708661726
2.917739,0.858948652096,-1.07374559684,-0.829986258983,1.21133667476,0.612220261282,1.3375516692,-0.816339350185
2.927712,0.858907350948,-1.07447059782,-0.830103568567,1.21205434529,0.611988755539,1.33829386987,-0.816913848487
2.937685,0.858933244638,-1.07506948852,-0.829973704041,1.21269698418,0.611913721114,1.33878228131,-0.817373940016
2.947658,0.858980745718,-1.07568536543,-0.829906695914,1.21324611235,0.611606026709,1.33898893772,-0.817747869622
2.957631,0.859048178115,-1.07629034177,-0.829929038246,1.21365001435,0.611279548352,1.33895442043,-0.818021322705
2.967604,0.859115571033,-1.07686832214,-0.829950795872,1.21395968164,0.61101107895,1.33878365044,-0.818209263005
2.977577,0.859145977092,-1.07740477004,-0.829810823806,1.21430364849,0.61076687277,1.3386303579,-0.818350592335
2.987550,0.859048985149,-1.07770013962,-0.829648338067,1.21472822734,0.610697170272,1.33867278679,-0.818477931707
2.997523,0.859027668628,-1.07787398009,-0.829762237244,1.21513796948,0.610704353949,1.33883429452,-0.818680154855
3.007496,0.859043273937,-1.07818101296,-0.829998822218,1.21554667661,0.610651977297,1.33898958612,-0.818749770275
3.017468,0.859032390256,-1.07868922327,-0.830220861382,1.21594535762,0.61052922368,1.33910055365,-0.81870889186
3.027441,0.858951816621,-1.07933946052,-0.830320406107,1.21631648525,0.610377698169,1.33918419501,-0.81869584699
3.037414,0.858956895885,-1.07983307773,-0.830333533711,1.21664794208,0.610200420729,1.33935844902,-0.818922306617
3.047387,0.859043932531,-1.08008155131,-0.830400398759,1.21696342128,0.610009385979,1.33954479361,-0.819038093615
3.057360,0.859049966934,-1.08039020668,-0.830488673223,1.21736545818,0.609883497195,1.33962658861,-0.818926439494
3.067333,0.858985476692,-1.08082381641,-0.83047198275,1.21784283366,0.609782231522,1.33967036004,-0.818815138808
3.077306,0.858921948946,-1.08134000463,-0.830300249692,1.21834977334,0.60966569757,1.33976966212,-0.818931763673
3.087279,0.858991678991,-1.08174262867,-0.830226756247,1.21882478523,0.609589820039,1.33996479612,-0.819247984889
3.097252,0.859155770035,-1.08213247461,-0.830439256875,1.21930883892,0.609734208208,1.33997920731,-0.819280555592
3.107225,0.859193370677,-1.08260643308,-0.830534857737,1.21979298203,0.609721899984,1.34001071411,-0.819294875951
3.117198,0.859144516526,-1.0831101054,-0.83055745456,1.22015151861,0.609553458259,1.34016532854,-0.819389553208
3.127171,0.859078244255,-1.0835492439,-0.830618941042,1.22031825311,0.609322812442,1.34047911052,-0.819583614741
3.137144,0.859059321344,-1.08379220646,-0.830861086198,1.22034469797,0.609205128899,1.34089033828,-0.819792583225
3.147117,0.859060254928,-1.0839381811,-0.830951590241,1.22046460619,0.60923488407,1.34123108553,-0.819745636128
3.157090,0.859128929693,-1.08425274634,-0.830978833696,1.22074337378,0.60924410338,1.34136292871,-0.81966565158
3.167062,0.859152290755,-1.08463036205,-0.831043870317,1.22121600494,0.609144202467,1.3413310216,-0.819675879999
3.177035,0.859082446741,-1.08496142525,-0.831140153954,1.22182221128,0.60894366938,1.34121118438,-0.81977887209
3.187008,0.8589441172,-1.08516064207,-0.831161980192,1.22240938589,0.60875001042,1.34109613067,-0.819863451728
3.196981,0.85882343506,-1.08547635675,-0.831145515076,1.22268393619,0.608891616707,1.34098571059,-0.819844112768
3.206954,0.858746467486,-1.08582370388,-0.831153803373,1.22279242491,0.608916505093,1.34094875486,-0.819873414001
3.216927,0.858729900769,-1.08616212933,-0.831214017054,1.22294295947,0.608754472246,1.34104815714,-0.819900656065
3.226900,0.858748362232,-1.08650449522,-0.831270690493,1.22317934685,0.608560278393,1.34130995748,-0.819928789954
3.236873,0.858752455398,-1.08687234158,-0.831234508139,1.22345136773,0.608586680508,1.34171354033,-0.820002035815
3.246846,0.858689175194,-1.08711918651,-0.831096757793,1.22368578237,0.608902071254,1.34206744524,-0.820276394667
3.256819,0.858522406371,-1.08718355861,-0.830986197538,1.2238865962,0.608956129276,1.34223493193,-0.820553900686
3.266792,0.858371458393,-1.08724071131,-0.830911190087,1.2241400516,0.608765310433,1.34229168396,-0.820698533636
3.276765,0.858342236809,-1.08738528813,-0.830918015947,1.22445182358,0.608514970642,1.34226268911,-0.820682796428
3.286738,0.858485188238,-1.08763857128,-0.831034572918,1.22480828591,0.608398288695,1.34215775662,-0.820555651222
3.296711,0.858667770874,-1.08783267408,-0.831190494298,1.22522237486,0.608433399836,1.3419598864,-0.82051766593
3.306684,0.85866382794,-1.08790196333,-0.831264910011,1.22558357074,0.608377880203,1.34190178958,-0.82073996721
3.316656,0.858655676953,-1.08804940398,-0.831251762657,1.22587543788,0.608297635699,1.34195969196,-0.820964300544
3.326629,0.858725952561,-1.0882412452,-0.831255761602,1.22612916264,0.608222295561,1.34209023296,-0.821057682699
3.336602,0.858882912126,-1.08844018674,-0.831328582733,1.22636167166,0.608140637977,1.34221600305,-0.820996017853
3.346575,0.859013350142,-1.08867415745,-0.831378782836,1.22654172639,0.607965463695,1.34220092026,-0.820937304711
3.356548,0.859161986973,-1.08905210444,-0.831352698868,1.22663728127,0.608043174467,1.34194656665,-0.82103607781
3.366521,0.859367213214,-1.08929741536,-0.831432328364,1.22672782668,0.608218132756,1.34172876089,-0.821072084395
3.376494,0.859481841856,-1.08943102323,-0.831558166414,1.22684900772,0.608319014679,1.34163141295,-0.821046229835
3.386467,0.859438701779,-1.08949399197,-0.83161565572,1.22701878931,0.608271319745,1.34166501272,-0.821019088502
3.396440,0.859279448848,-1.08953201065,-0.831456119911,1.22723507575,0.608118555484,1.34176526463,-0.821100348057
3.406413,0.859278145732,-1.08970269078,-0.831431560168,1.22741367949,0.608022771833,1.34176504495,-0.82123858438
3.416386,0.859249886755,-1.08992301444,-0.831610563924,1.22754956713,0.607914545859,1.34175163061,-0.821394076272
3.426359,0.859185888003,-1.09017310217,-0.831749962316,1.2276994794,0.60772609351,1.34178046247,-0.821406612837
3.436332,0.859111404368,-1.09043036397,-0.831734188032,1.22788348548,0.607592336006,1.34181437075,-0.821288224282
3.446305,0.859066598433,-1.09064849711,-0.831565896119,1.22810825486,0.607743963509,1.34177957911,-0.821154980617
3.456278,0.859013464441,-1.09052100591,-0.831561419434,1.22852056115,0.608063292467,1.34186382018,-0.820990133792
3.466250,0.859108557456,-1.09045500522,-0.831785682673,1.22891666061,0.608161773515,1.3419769109,-0.820851825071
3.476223,0.859276240357,-1.0905112897,-0.831981729104,1.22915873192,0.608139491574,1.34200373114,-0.820861923689
3.486196,0.859410329676,-1.09066728981,-0.832077291312,1.22926917437,0.60805253679,1.34193677746,-0.821011846219
3.496169,0.859429779026,-1.09085571396,-0.832123966997,1.22933301859,0.607960535253,1.3418150116,-0.821213405281
3.506142,0.859426195975,-1.09095562154,-0.832457104618,1.22943769922,0.607996990059,1.34170016801,-0.821240002
3.516115,0.85940841961,-1.09113643162,-0.832486789184,1.22962464853,0.608059052594,1.34168967384,-0.821036185235
3.526088,0.859423491176,-1.09130246167,-0.832289314399,1.22982532748,0.608067968066,1.34175141495,-0.821033773684
3.536061,0.859514450167,-1.09138219742,-0.832000685346,1.23004723913,0.608001429353,1.34178124608,-0.821231495388
3.546034,0.859636250939,-1.09138693411,-0.831758871068,1.23030267397,0.607827191323,1.34171320846,-0.821460247183
3.556007,0.859526769761,-1.09152053362,-0.831667651278,1.23058571103,0.607450510568,1.34160798678,-0.821334868904
3.565980,0.859177537649,-1.09158880602,-0.831857358322,1.2308386135,0.607115615879,1.34170627591,-0.82144500436
3.575953,0.858872083137,-1.09167739141,-0.832022702661,1.23108028596,0.607263127027,1.34172533891,-0.821590968776
3.585926,0.858782458135,-1.09192342471,-0.832040768446,1.23121726829,0.607573101472,1.34167931922,-0.821599386089
3.595899,0.858970054113,-1.09228051623,-0.831919598518,1.2312124529,0.607731515594,1.34161067598,-0.821476326806
3.605872,0.859357642453,-1.09245453898,-0.831823739103,1.23111613675,0.607531740015,1.34156722398,-0.821465889262
3.615844,0.859404601443,-1.09225915296,-0.831733090198,1.23140017905,0.60755254385,1.34139204117,-0.82188041658
3.625817,0.859497130809,-1.09220007799,-0.831643480099,1.23177877321,0.607580281513,1.34122874392,-0.822198117192
3.635790,0.859654257513,-1.09225482933,-0.831696053571,1.23207821355,0.607560547584,1.34116655972,-0.822197165522
3.645763,0.859781120077,-1.09239798363,-0.831838673392,1.23222387681,0.607497682425,1.34121246386,-0.821938351467
3.655736,0.859713663266,-1.09259738332,-0.831866920981,1.23223268097,0.607431107521,1.34130766293,-0.821692811166
3.665709,0.859512955178,-1.0927195333,-0.831558879769,1.23223622206,0.607215285825,1.34140952227,-0.821533419711
3.675682,0.859287692083,-1.09283562678,-0.831512542567,1.23230270153,0.607194248441,1.34143147104,-0.821420350669
3.685655,0.859174845663,-1.09300006736,-0.831597635819,1.23248662103,0.607361424762,1.34144683778,-0.821507662243
3.695628,0.859209028285,-1.09306033318,-0.83163109837,1.23277279066,0.607497904508,1.34152028997,-0.821707196489
3.705601,0.85934969545,-1.09286835361,-0.831476484385,1.23308687305,0.607374192831,1.3416720766,-0.821823836851
3.715574,0.859398294997,-1.09282161189,-0.831420713195,1.23319676708,0.607250460619,1.34168030355,-0.821662326392
3.725547,0.859289849256,-1.09311877601,-0.831716802979,1.23330004334,0.60742371567,1.3418093545,-0.821557293511
3.735520,0.859226340318,-1.09336666522,-0.831930245305,1.23348369611,0.607639764908,1.34192137081,-0.821746101291
3.745493,0.85929681852,-1.09348699835,-0.83189187903,1.23365411238,0.607657264327,1.34194214239,-0.82216382842
3.755466,0.859508010675,-1.09353155406,-0.831626576308,1.23369658395,0.607364595505,1.34187406015,-0.822634112109
3.765438,0.859706039059,-1.09372918488,-0.831551004379,1.2335490015,0.607017939337,1.34190385013,-0.82287332841
3.775411,0.85967677588,-1.09402671622,-0.831579135618,1.2332648671,0.60698202752,1.34186234481,-0.822897733015
3.785384,0.859512835127,-1.09430126797,-0.831538253819,1.23314168099,0.607145277634,1.34177354676,-0.822884359893
3.795357,0.859266430985,-1.09443308596,-0.831609224929,1.23333669681,0.607347806758,1.34169948596,-0.822832955656
3.805330,0.8590139385,-1.09444101368,-0.831820039622,1.23380903063,0.607508962232,1.34170088567,-0.822755722779
3.815303,0.858870942073,-1.09456541441,-0.831891836296,1.23423065149,0.607693435513,1.34182889788,-0.822711726127
3.825276,0.858973334797,-1.09490259026,-0.831813702767,1.23426327499,0.607817707265,1.34185994248,-0.822537652925
3.835249,0.859056255319,-1.09506996012,-0.831880323131,1.23417597063,0.60773967279,1.3419259585,-0.822402148113
3.845222,0.859131477361,-1.0950504748,-0.832006558338,1.23412903401,0.607626281543,1.34202159829,-0.822389745995
3.855195,0.859150405523,-1.09496248993,-0.832059867524,1.234215191,0.607577546538,1.34209629119,-0.822440907439
3.865168,0.859010367798,-1.09502826796,-0.831894468251,1.23445696537,0.607608694248,1.34206668057,-0.822375782208
3.875141,0.858727662083,-1.09527101657,-0.831734902035,1.23481168663,0.60750126899,1.34193369044,-0.822249431056
3.885114,0.858798665962,-1.09539083966,-0.831755927587,1.23498035182,0.607460450112,1.34189270307,-0.822405454473
3.895087,0.859036766751,-1.09532037201,-0.831771251263,1.23495846191,0.607441673295,1.34194444285,-0.822654291871
3.905060,0.859230472631,-1.09517070032,-0.831801546321,1.23488739439,0.607370724313,1.342031846,-0.822834753365
3.915032,0.859198955589,-1.09514129497,-0.831939854817,1.23495502563,0.607174977633,1.34208053784,-0.822809140015
3.925005,0.85908887455,-1.09538716329,-0.832013985728,1.23510980787,0.606895014195,1.34212622224,-0.822478725352
3.934978,0.859091672996,-1.09558878207,-0.831942560632,1.23515863868,0.606897399084,1.34216328063,-0.822237376542
3.944951,0.859128245026,-1.09564967833,-0.831911805671,1.23525416763,0.607054693333,1.34210234721,-0.822317617442
3.954924,0.859179625296,-1.09555861488,-0.831920546152,1.23540436413,0.60715942925,1.34210536978,-0.822648410825
3.964897,0.859219526861,-1.0953738124,-0.831919716181,1.23555253516,0.607072874669,1.34229862439,-0.823032275101
3.974870,0.859133616337,-1.09530225517,-0.831875999987,1.23555056816,0.606998906325,1.3424206345,-0.823149450843
3.984843,0.859172547763,-1.09546092098,-0.831793357863,1.23564493903,0.607095115954,1.34217831747,-0.823062750262
3.994816,0.85930027626,-1.09555396471,-0.831761219041,1.23574582771,0.607343230373,1.34195446288,-0.823106396408
4.004789,0.859413869615,-1.09559410409,-0.831745444625,1.23582258545,0.607514530268,1.34185083161,-0.82314966378
4.014762,0.859425993331,-1.09564091855,-0.831712949532,1.2358615794,0.607489983025,1.34185751788,-0.823026458636
4.024735,0.859298147313,-1.09576327426,-0.831667059939,1.23586623546,0.607423405121,1.34182180917,-0.822621582212
4.034708,0.859281605293,-1.09561601432,-0.831770487348,1.235997196,0.607268464974,1.34169471818,-0.822708699982
4.044681,0.859432376574,-1.09540448084,-0.831815377887,1.23614249795,0.607179111447,1.34159470926,-0.822896875993
4.054654,0.859525286603,-1.09536677383,-0.831821886468,1.23616587609,0.607239309619,1.34158678168,-0.822972382984
4.064626,0.859474620037,-1.0955348772,-0.831807714802,1.23605700564,0.607416081106,1.34169988924,-0.822867197147
4.074599,0.859368349127,-1.09570685922,-0.831774671483,1.23594784619,0.607551441596,1.34192245314,-0.822672818384
4.084572,0.859319521218,-1.09549804608,-0.831673373445,1.23607815245,0.607356751503,1.34214664996,-0.822623419037
4.094545,0.859195565318,-1.09533042601,-0.831699978644,1.23626515385,0.607215112014,1.3421380088,-0.822600133984
4.104518,0.859071326269,-1.09530879955,-0.831814228687,1.23643579984,0.607257699114,1.34200012637,-0.822695381881
4.114491,0.8589842757,-1.09540636256,-0.831944492449,1.23662399774,0.607357923622,1.34186884051,-0.82287025409
4.124464,0.858941768453,-1.0955204823,-0.832002200353,1.2369127092,0.607259411274,1.34186676776,-0.822986742011
4.134437,0.85890102288,-1.09565301002,-0.831913367934,1.23720832423,0.60702944941,1.3417933483,-0.822737745403
4.144410,0.859011635175,-1.0956118624,-0.831978984464,1.23729494169,0.607069124217,1.3416201456,-0.82265656323
4.154383,0.859113409286,-1.09561756397,-0.83214726721,1.23726468016,0.607189284931,1.34160723969,-0.822734453398
4.164356,0.859085284968,-1.09573414295,-0.832255092364,1.23720693771,0.607229760892,1.34175821073,-0.822864448991
4.174329,0.858876767485,-1.09590946577,-0.832156336445,1.23720683199,0.607109190701,1.34194804624,-0.822917612539
4.184302,0.858683703289,-1.09580379394,-0.831949403617,1.23732371132,0.607064241509,1.34187866345,-0.822830354029
4.194275,0.858733576725,-1.09568711598,-0.831921331366,1.23746120565,0.607299911747,1.34178689667,-0.822867007191
4.204248,0.858846742491,-1.09583058428,-0.831932259427,1.23746012777,0.607485679773,1.34188774859,-0.823033273254
4.214220,0.858819380551,-1.09608548922,-0.831941208887,1.23735808686,0.607569243163,1.3420087649,-0.82325397499
4.224193,0.85859434072,-1.09626193249,-0.831939757818,1.23722171202,0.607524586451,1.34199948597,-0.823425468329
4.234166,0.858471865337,-1.0962532354,-0.831960281828,1.23709605265,0.607263372619,1.34192512346,-0.823413004021
4.244139,0.85852980365,-1.09632237235,-0.832001929367,1.23723002079,0.607119620467,1.34210345906,-0.823347741068
4.254112,0.858615963072,-1.09641764074,-0.832064173407,1.23752395481,0.607012852609,1.34216199655,-0.823345899802
4.264085,0.858680391321,-1.09639255268,-0.832008469507,1.23779225503,0.606880623361,1.34206444221,-0.823291342092
4.274058,0.858687640011,-1.09627768708,-0.831808620027,1.23793266638,0.60677835519,1.34190601993,-0.823177804405
4.284031,0.858614772035,-1.09633876549,-0.831596988473,1.23796682103,0.606909434792,1.34191472732,-0.823162235641
