time,right_s0,right_s1,right_e0,right_e1,right_w0,right_w1,right_w2
0.652752,0.859291368272,-1.09595196167,-0.827316220224,1.23465771586,0.607624135159,1.34416117102,-0.821762120091
0.662728,0.8603006388,-1.09483101699,-0.826484678626,1.23460210224,0.609007668484,1.34416437432,-0.820926725162
0.672705,0.861337126264,-1.09382886245,-0.825775416647,1.23438235497,0.610241850865,1.34420262452,-0.819938278093
0.682681,0.862270549699,-1.09251784256,-0.82508059333,1.23398324256,0.611441093572,1.34419684998,-0.819175604921
0.692658,0.86305086654,-1.09086644915,-0.824401168426,1.23337307153,0.612624516269,1.34403112145,-0.818498368153
0.702634,0.86365066069,-1.08905911088,-0.823716537732,1.23250487529,0.613844510983,1.3436693549,-0.817698194076
0.712611,0.864037690765,-1.08731829826,-0.822916076918,1.23133892926,0.615243865841,1.34322153368,-0.816841372916
0.722587,0.864326066549,-1.0855585673,-0.822042536148,1.23004572865,0.616715689571,1.34281385671,-0.816472962184
0.732564,0.864821122456,-1.08354392843,-0.821468618018,1.22845763338,0.618114644878,1.34270886295,-0.816070216625
0.742540,0.865216411312,-1.08143310891,-0.82100885211,1.22653156628,0.619527593869,1.34272409404,-0.815419000148
0.752516,0.865343045313,-1.07946694703,-0.820554994062,1.22432027029,0.621031784644,1.34277170016,-0.814606909977
0.762493,0.865233301251,-1.07770145803,-0.820096272818,1.221855067,0.622670917143,1.34281654927,-0.813762090321
0.772469,0.865106555449,-1.07595217851,-0.819676650447,1.21913694967,0.624437812522,1.34284939266,-0.812955320848
0.782446,0.865243533468,-1.07391975951,-0.81915801344,1.21627109458,0.626254689241,1.34278948719,-0.812170852494
0.792422,0.865213079839,-1.07161138637,-0.81836296233,1.21320891125,0.628124381215,1.34274161979,-0.811210288624
0.802399,0.864881990208,-1.06911875753,-0.817651427134,1.20990584235,0.630112370721,1.34277510526,-0.810044200171
0.812375,0.864416299357,-1.06652641919,-0.817242371525,1.20646145819,0.632201929116,1.34285176475,-0.808890821756
0.822352,0.863924948312,-1.0639353434,-0.817072226441,1.20293641065,0.634289929149,1.34291310333,-0.8078014883
0.832328,0.863438448665,-1.06140006136,-0.816880928489,1.19932276091,0.636279243559,1.34293938597,-0.806722120427
0.842304,0.86296827862,-1.05882730927,-0.816406851187,1.19554238979,0.638235566874,1.34303047058,-0.805713066467
0.852281,0.862421638321,-1.05636682932,-0.816086072393,1.19175899423,0.640284205302,1.34314715873,-0.804808285236
0.862257,0.861924587231,-1.05401437158,-0.81600424865,1.1879123776,0.642205233539,1.34315781747,-0.803833118701
0.872234,0.861383647562,-1.05139468369,-0.815765749281,1.18373160358,0.644127158317,1.34306921409,-0.802954098534
0.882210,0.86085867637,-1.04843259794,-0.815367296734,1.17927486069,0.646237122232,1.34291757759,-0.802128644585
0.892187,0.860400728661,-1.04527427696,-0.815011041075,1.17474637693,0.648614537685,1.34275494151,-0.801199788538
0.902163,0.859906007132,-1.0421640753,-0.81488148349,1.17029690055,0.651114431442,1.34263709952,-0.800040873089
0.912140,0.859112119915,-1.03906314413,-0.814722627583,1.1657339091,0.65364048007,1.3426325739,-0.799337578039
0.922116,0.858074355657,-1.0359297792,-0.814613278244,1.16103888346,0.655966076228,1.34272141727,-0.798744933544
0.932093,0.857072153135,-1.03308378036,-0.814426222054,1.15630204846,0.657891179282,1.34273255868,-0.79783991079
0.942069,0.856308174088,-1.03045971604,-0.814252064719,1.15149752552,0.659705382531,1.34273398068,-0.796810835187
0.952045,0.855705828164,-1.02778086073,-0.814205686633,1.14654456867,0.661635853412,1.34284431098,-0.795898538264
0.962022,0.854915694955,-1.02474068602,-0.814290037217,1.14138303184,0.663682794926,1.34311346273,-0.795148050844
0.971998,0.85373675246,-1.02149286167,-0.814083690892,1.1362344191,0.666042545674,1.34330915482,-0.794337996845
0.981975,0.852687080124,-1.01835018624,-0.813847904539,1.13102845076,0.668400813968,1.34329235331,-0.793617959358
0.991951,0.851600778199,-1.01519861989,-0.81393460351,1.12587478708,0.670511841439,1.34319937159,-0.792981274762
1.001928,0.850557323757,-1.01191122507,-0.813991517607,1.12063500468,0.672509165977,1.34311079459,-0.792307970064
1.011904,0.849647812214,-1.00859858327,-0.813778521828,1.11527276688,0.674587303702,1.34307414543,-0.79161459389
1.021881,0.848862176098,-1.00548783589,-0.813340987522,1.10985208808,0.676844913959,1.34310414572,-0.790999141181
1.031857,0.847924070869,-1.00256091715,-0.813060039117,1.10439062393,0.679074115804,1.34319212968,-0.790414823781
1.041833,0.846891900925,-0.999425480559,-0.813211538339,1.09878719348,0.681423709399,1.34325629682,-0.789980928785
1.051810,0.845856553042,-0.996258247816,-0.813277290295,1.09331449013,0.683831019415,1.34334560897,-0.789580428773
1.061786,0.844861258069,-0.993001257089,-0.813295771105,1.08803824058,0.686201707099,1.3434118683,-0.789044997737
1.071763,0.843882307049,-0.989728804349,-0.813294627141,1.0828405821,0.688525069956,1.34344286037,-0.788313567982
1.081739,0.842855745129,-0.986542015572,-0.813285548258,1.07753817335,0.690855349414,1.34345135698,-0.787468901635
1.091716,0.84171995551,-0.983432089587,-0.813283868791,1.07202242476,0.693274666197,1.34345276048,-0.78674201328
1.101692,0.840726474142,-0.980088042572,-0.813226081009,1.06654970997,0.695763800134,1.34340308939,-0.786132051508
1.111669,0.839752682721,-0.976870552388,-0.813335917426,1.06098012042,0.698592873768,1.34317962973,-0.785612419834
1.121645,0.838641182293,-0.97398161587,-0.813549492655,1.05522973617,0.701276892302,1.34306570457,-0.784877247911
1.131621,0.837450577066,-0.971276848276,-0.81367006703,1.04943240173,0.703644706379,1.34302873806,-0.783861100562
1.141598,0.836261341783,-0.968471654978,-0.813581020142,1.04372676605,0.705772960373,1.34295858869,-0.78268131921
1.151574,0.835097233503,-0.965311333766,-0.813379428981,1.03813985088,0.707904448964,1.34280730995,-0.781561261234
1.161551,0.834127046141,-0.961870320851,-0.813552429514,1.03259677714,0.71015368177,1.34268494789,-0.780567437988
1.171527,0.832995177394,-0.95867785642,-0.813882826223,1.02721976609,0.712644201586,1.34250613661,-0.779256708553
1.181504,0.831932404267,-0.955781478473,-0.81400879714,1.02185727604,0.715000982259,1.342268173,-0.777866170315
1.191480,0.83094521344,-0.952962656234,-0.814013478608,1.01625290569,0.717298916179,1.34210987676,-0.776474657011
1.201457,0.829881300218,-0.949968536146,-0.814049193863,1.01040981202,0.719768749842,1.34202865803,-0.7750818663
1.211433,0.828609960019,-0.946661822998,-0.814208489195,1.0045874359,0.722556851874,1.34188433692,-0.773669993945
1.221409,0.827500870843,-0.943243263348,-0.814411903316,0.999058980822,0.72523287962,1.34159095041,-0.77235703009
1.231386,0.826447574734,-0.940056143487,-0.814356925458,0.993341745324,0.72722039952,1.34145765866,-0.771073826395
1.241362,0.825296687555,-0.936923882925,-0.81428123305,0.987690448946,0.728957629443,1.34133649187,-0.769836195632
1.251339,0.823992049497,-0.933784285668,-0.814304840843,0.982178536108,0.730777589955,1.34105180416,-0.768704355579
1.261315,0.822615837821,-0.930672896207,-0.814447109964,0.976801724916,0.732672216842,1.34056431698,-0.767630707034
1.271292,0.821257965972,-0.927632330438,-0.814656548759,0.971415757565,0.734474857744,1.33997376566,-0.766572816622
1.281268,0.81984330036,-0.924592674031,-0.81485995872,0.96566549825,0.736148844612,1.33948526359,-0.765652858289
1.291245,0.818470519504,-0.921472228774,-0.815093756067,0.959670956389,0.737822717404,1.33883503996,-0.764869796396
1.301221,0.817388136063,-0.918363557989,-0.815393352683,0.953978430773,0.739347863895,1.33800302999,-0.764260419372
1.311198,0.816453851772,-0.915379834613,-0.815671174322,0.948711209776,0.740682765017,1.33715337403,-0.76371984493
1.321174,0.815565428831,-0.912370155727,-0.815870814527,0.943490019907,0.741950583431,1.33625682458,-0.7629953542
1.331150,0.81461057055,-0.909191572025,-0.815940959515,0.937917131072,0.74321076882,1.33519902833,-0.762020253342
1.341127,0.813474702755,-0.905897376817,-0.815859548423,0.93192954603,0.744334465218,1.33389912559,-0.761107569411
1.351103,0.812405381342,-0.902827434109,-0.816068309857,0.926029284067,0.745212191083,1.33272898264,-0.760860065504
1.361080,0.811524225136,-0.899828656214,-0.816407699077,0.920566390447,0.746459094059,1.33153670052,-0.760812122533
1.371056,0.810520494548,-0.896857232082,-0.81663912986,0.915391696378,0.748071136601,1.330147351,-0.7606882974
1.381033,0.809530182733,-0.89375465767,-0.816787703906,0.910433289183,0.749557428433,1.32870120423,-0.760376658749
1.391009,0.808654811326,-0.890507294891,-0.816851099297,0.905600677784,0.750619721916,1.32734510619,-0.759951102462
1.400986,0.807842981587,-0.887264088813,-0.816785634935,0.900771575965,0.751381187645,1.3261042703,-0.759620692198
1.410962,0.806971324521,-0.884120270477,-0.816763213583,0.895779621161,0.752436446439,1.32476197305,-0.759534945236
1.420938,0.806151768984,-0.880907738865,-0.816881154366,0.890967979492,0.753391171728,1.32317653736,-0.759442536074
1.430915,0.805412472555,-0.877837227003,-0.817125851066,0.886264248191,0.754071864198,1.32137145421,-0.759299815105
1.440891,0.804633055425,-0.874915920091,-0.81743094833,0.881529670269,0.754826983081,1.31950240038,-0.759119745908
1.450868,0.803803233881,-0.872100679199,-0.817747496834,0.876863846478,0.755837537741,1.317645699,-0.758968655223
1.460844,0.80299720649,-0.869321493374,-0.81803869023,0.872451271734,0.757052036331,1.31578228042,-0.75890077622
1.470821,0.80227648935,-0.86649205445,-0.818250067235,0.868249106682,0.75823607023,1.31382613863,-0.758855733984
1.480797,0.801489545587,-0.863468191913,-0.81834350835,0.86396626344,0.759108321595,1.31172738335,-0.758460684639
1.490774,0.800886541855,-0.86022213429,-0.818283996398,0.859487829011,0.760008199903,1.30960926133,-0.758033144669
1.500750,0.800526574919,-0.856993328932,-0.818272690156,0.85503496499,0.760965274343,1.3075267959,-0.757816548286
1.510726,0.800163870983,-0.854009831062,-0.818434296923,0.850575515942,0.762048634613,1.30543790712,-0.757821156756
1.520703,0.799560929325,-0.851390193477,-0.818700964458,0.846083112085,0.763226253558,1.3032485882,-0.757898434661
1.530679,0.79874799121,-0.849055638554,-0.818786078381,0.841750269704,0.764277063527,1.30086872685,-0.757835894122
1.540656,0.798037020629,-0.846415332125,-0.818919433592,0.8379903454,0.765086744261,1.29839284065,-0.757590947574
1.550632,0.797581864174,-0.84349647364,-0.819355764725,0.834259155824,0.765859202778,1.29591939608,-0.757540772684
1.560609,0.797388105245,-0.840591243237,-0.819826349961,0.830371202945,0.766618229822,1.29346318678,-0.757606677951
1.570585,0.797120554022,-0.83780585127,-0.82010201575,0.826412523084,0.767387947886,1.29108070933,-0.757652039615
1.580562,0.796601868527,-0.835177780357,-0.820136864309,0.822520930419,0.768167456158,1.28883014697,-0.757642134215
1.590538,0.795973333742,-0.832683885844,-0.82008858781,0.81877544959,0.768902021483,1.28672776864,-0.757628157151
1.600514,0.795525683043,-0.830093254941,-0.820129135795,0.815096684314,0.769364898082,1.28462263975,-0.757326418016
1.610491,0.795072034668,-0.827334528892,-0.820269296304,0.811281659738,0.769645416846,1.28237810112,-0.756936517885
1.620467,0.79474253165,-0.824710563046,-0.820569751453,0.807440855339,0.770239072859,1.28007347124,-0.756816101828
1.630444,0.794556846022,-0.82218590194,-0.82086916774,0.80373453412,0.771046726718,1.27772619252,-0.756795325801
1.640420,0.794337504444,-0.819682150371,-0.821044400564,0.800076534657,0.771907697944,1.27542354843,-0.756669586389
1.650397,0.793858989586,-0.817198579232,-0.821065198962,0.796295597803,0.772712760135,1.27330470911,-0.7563547027
1.660373,0.793167449376,-0.814974407723,-0.821002487621,0.79257368747,0.773455200817,1.27150258984,-0.756031543385
1.670350,0.79263668071,-0.812689707666,-0.821075856167,0.789243654769,0.773948162848,1.26984115853,-0.756084919767
1.680326,0.792304048736,-0.810451601025,-0.821296231982,0.785854033273,0.77458537188,1.26810937779,-0.756402131912
1.690303,0.791989407279,-0.808372717422,-0.821533168142,0.782370251584,0.775372040319,1.26633449317,-0.756658680397
1.700279,0.791592809957,-0.806350872073,-0.821732029177,0.778872575446,0.776156654331,1.2645978952,-0.756758520098
1.710255,0.791092024516,-0.804267633311,-0.821893131033,0.775432413121,0.776821358898,1.26298548417,-0.756752870746
1.720232,0.790517343252,-0.802190533961,-0.822034090566,0.772007875352,0.777459651824,1.26153857856,-0.756718966461
1.730208,0.789856730362,-0.800216373718,-0.822114434512,0.768693970768,0.778362745728,1.2601216646,-0.756547682981
1.740185,0.789339352575,-0.798382477329,-0.822250799205,0.765631532781,0.779486491836,1.25866829334,-0.756383071458
1.750161,0.788868574865,-0.796577548882,-0.822521234685,0.762578102208,0.780659610889,1.2572320502,-0.756182710752
1.760138,0.788406614924,-0.794721931253,-0.822811154551,0.75932953228,0.781815648347,1.25571322747,-0.756016906513
1.770114,0.788005283062,-0.792874238182,-0.822979377423,0.755912812131,0.782951149264,1.25404205096,-0.755948820495
1.780091,0.787771150014,-0.791211528654,-0.822972873988,0.752637361679,0.784104724319,1.25227649467,-0.755973035677
1.790067,0.787559674282,-0.789598721563,-0.823012737092,0.749904778612,0.785342522321,1.25067748997,-0.756004532858
1.800043,0.787244920749,-0.787806816051,-0.823126046619,0.747488907281,0.786568406277,1.24910772138,-0.756055859944
1.810020,0.786756422892,-0.786211682181,-0.823183533678,0.745007973927,0.787678328122,1.24730329041,-0.755945102722
1.819996,0.786161939235,-0.78475835689,-0.823326026194,0.742330269248,0.788672669729,1.2452920457,-0.7557923625
1.829973,0.785591290454,-0.783294711897,-0.82363286152,0.739560706269,0.789697624231,1.24322700071,-0.755749713068
1.839949,0.785164298986,-0.781713132592,-0.824028325375,0.736939870468,0.790897339934,1.24125416093,-0.755881649239
1.849926,0.784870613949,-0.780134655062,-0.824211365553,0.734590608549,0.792010372491,1.23926881317,-0.756014810835
1.859902,0.784667078721,-0.778745238973,-0.824310823991,0.732193551799,0.792996904021,1.2373535945,-0.755921568005
1.869879,0.784301458742,-0.777296003564,-0.82443326642,0.729669690003,0.794119332379,1.23546966004,-0.755701189387
1.879855,0.783760531848,-0.77580225398,-0.824503623463,0.72731767914,0.795386840329,1.23323401115,-0.755410670881
1.889831,0.783170572677,-0.77427445074,-0.824481056384,0.725152402983,0.796688932279,1.23053897529,-0.755198225987
1.899808,0.782673251987,-0.77269169744,-0.824386083297,0.722970081773,0.797863936934,1.22758712604,-0.755184755893
1.909784,0.782281879009,-0.770997088606,-0.82430905297,0.720511772352,0.798782181088,1.22483863139,-0.755313306013
1.919761,0.781926722229,-0.769449692639,-0.8243154563,0.717996025118,0.799745839019,1.22213479068,-0.755173151515
1.929737,0.781698490267,-0.767913074648,-0.824435954402,0.715841500819,0.800743475944,1.21930067652,-0.755084929904
1.939714,0.781484837141,-0.766391634541,-0.824711407912,0.713912394088,0.801599149333,1.21648664371,-0.755069069084
1.949690,0.781128555235,-0.764876269441,-0.824964247457,0.711911672608,0.802449289746,1.21367744143,-0.755052803034
1.959667,0.780577387708,-0.763265833414,-0.825026414347,0.709683129273,0.803469706578,1.21069992436,-0.754971809426
1.969643,0.779970697351,-0.761382261713,-0.824905821108,0.707366436199,0.804658857462,1.20727642772,-0.754826207933
1.979619,0.779655689586,-0.759453937769,-0.825012501994,0.705143031565,0.805388386008,1.20328145617,-0.754601780033
1.989596,0.779478785848,-0.757684846453,-0.825181034852,0.702805588223,0.80563239184,1.19892390473,-0.754329770373
1.999572,0.779231462307,-0.756056834474,-0.825264136607,0.700620314287,0.805897091562,1.19445747795,-0.754102310036
2.009549,0.778938321292,-0.754364964562,-0.825288320271,0.698623814146,0.806323736417,1.19006370654,-0.754055604656
2.019525,0.778608931405,-0.752438091474,-0.82534249633,0.696618128847,0.806946331529,1.18581659002,-0.754211552844
2.029502,0.778197584077,-0.750253938234,-0.825506628506,0.694353952083,0.807748018264,1.18167164876,-0.754446577439
2.039478,0.777676488544,-0.748089290505,-0.825724929288,0.692140436843,0.808669522353,1.17749981164,-0.754526412482
2.049455,0.777199910037,-0.74614965651,-0.825937628655,0.69046157707,0.809357004345,1.17343104298,-0.754389245539
2.059431,0.776860888924,-0.744159348809,-0.826124387746,0.688701097208,0.809898097305,1.16949647799,-0.754163974624
2.069407,0.776667645983,-0.742047168743,-0.826229557012,0.686669044736,0.810438073774,1.16537919803,-0.754020259889
2.079384,0.776525323982,-0.739862305977,-0.826283423923,0.684494900814,0.81101339289,1.16112240116,-0.75413657776
2.089360,0.776326933606,-0.737636144591,-0.826359081847,0.682401265211,0.811551204201,1.15705705515,-0.754549981039
2.099337,0.776090532453,-0.735182185961,-0.826486309697,0.68036275881,0.811908322159,1.15356262278,-0.75495587918
2.109313,0.775885639864,-0.732703877413,-0.826612133136,0.67826519641,0.812162163391,1.15056790868,-0.754788358831
2.119290,0.77552403721,-0.730530750643,-0.826752709266,0.676120462669,0.812455779416,1.1477820497,-0.754448729256
2.129266,0.774972591134,-0.728540797145,-0.826932012842,0.673998530398,0.812602739398,1.14521428371,-0.754221136112
2.139243,0.774379796073,-0.726604734401,-0.827128336875,0.672065788594,0.812632905441,1.14289640481,-0.754178558705
2.149219,0.773975751608,-0.724724171597,-0.827296306332,0.670407058472,0.812680106348,1.14078945617,-0.754263606543
2.159196,0.77395137807,-0.723086482201,-0.827390886674,0.668886650399,0.812858386607,1.13873700023,-0.754363677781
2.169172,0.774029300756,-0.721591083046,-0.827414404888,0.66699953036,0.812919454912,1.13669316879,-0.754315594319
2.179148,0.773754915924,-0.719595869892,-0.827407761426,0.664836644782,0.813048749617,1.13475746274,-0.754151412665
2.189125,0.77333702103,-0.717350339233,-0.827515997115,0.662647919842,0.813220328546,1.13298131681,-0.753996627267
2.199101,0.772899265996,-0.715192071638,-0.827774139157,0.660630507309,0.813358114698,1.13130094963,-0.75394825148
2.209078,0.77245331757,-0.713324723061,-0.828122000702,0.658866956436,0.813401613483,1.12955801968,-0.754074509415
2.219054,0.771945907971,-0.711734065587,-0.828435038031,0.657290410111,0.813336329293,1.12760298703,-0.75437300259
2.229031,0.771553896453,-0.710257019493,-0.828613560953,0.655663078544,0.813201840161,1.12567682189,-0.754605588419
2.239007,0.771432075532,-0.708755242596,-0.828712649604,0.653940275529,0.813074401724,1.12395119637,-0.754501006191
2.248984,0.771398186696,-0.70730762429,-0.828773920557,0.652110602881,0.812991390966,1.1220784051,-0.75426849289
2.258960,0.771256032959,-0.705906635361,-0.82885770813,0.650332995111,0.813103629025,1.1200285073,-0.75415492724
2.268936,0.770922229889,-0.704462061221,-0.828986967398,0.648794689466,0.813462276944,1.11782928466,-0.754227028308
2.278913,0.77047060562,-0.702906310386,-0.829131867073,0.64755271188,0.813950492199,1.11549490277,-0.754350501077
2.288889,0.770164957951,-0.701391309861,-0.829199956017,0.646288779018,0.814214381543,1.11294875906,-0.754227860678
2.298866,0.770090823101,-0.700108631438,-0.829379244868,0.644906187085,0.813999439642,1.11056593051,-0.753928706055
2.308842,0.769888798391,-0.698687515691,-0.829581621563,0.6436050615,0.813732126947,1.10867715833,-0.753761221091
2.318819,0.769491417304,-0.697017051787,-0.829623794281,0.64221359826,0.813572748315,1.10716727866,-0.753761019725
2.328795,0.76902050396,-0.695275975297,-0.829534999871,0.640704957087,0.813599157212,1.10595885481,-0.753869977003
2.338772,0.768671928924,-0.693704804705,-0.829457197537,0.639173347297,0.813784019966,1.10502994638,-0.753989804961
2.348748,0.76858771431,-0.692381544402,-0.829525054975,0.637773790763,0.813981422346,1.1044004314,-0.754033264847
2.358724,0.768553047448,-0.6911748341,-0.829735126927,0.63646298686,0.813929047031,1.10392739527,-0.753936494151
2.368701,0.768145685003,-0.690134664345,-0.82982957491,0.635106899288,0.813894027136,1.10338693688,-0.753824131074
2.378677,0.767629930357,-0.68911722512,-0.829808022688,0.633559824273,0.813993057898,1.10290930395,-0.753844261464
2.388654,0.767230049102,-0.687998827936,-0.829883749251,0.63183145323,0.814159099921,1.10264179514,-0.753977276639
2.398630,0.767001322642,-0.686757772294,-0.830150566934,0.630113258842,0.814307537535,1.10254155234,-0.754091360098
2.408607,0.766828872381,-0.6854947452,-0.830465320254,0.628705726509,0.814416107111,1.10236733265,-0.754030126217
2.418583,0.766811120039,-0.684337528578,-0.830627719644,0.627634082245,0.814541354838,1.10213747796,-0.753935602406
2.428560,0.766801671578,-0.683367336487,-0.830772325032,0.626516289119,0.814564113296,1.10210620982,-0.753909360039
2.438536,0.766648943674,-0.68248389109,-0.830827434844,0.625301064887,0.814548868612,1.10194404329,-0.75381284527
2.448512,0.766458822833,-0.681582689795,-0.830825093322,0.62389654501,0.81466491682,1.10159913758,-0.753742116064
2.458489,0.766264799963,-0.680626058307,-0.830784832738,0.622270234978,0.814924826564,1.1012287961,-0.75373056773
2.468465,0.766010391772,-0.679640058014,-0.830702890261,0.62053592766,0.815181692247,1.10104729145,-0.753725654324
2.478442,0.76566000313,-0.678658916198,-0.830581433668,0.619133452544,0.815244467458,1.10099612079,-0.753669669023
2.488418,0.765450290455,-0.677790918223,-0.830637234565,0.618184378814,0.815185156933,1.10083684618,-0.753753477765
2.498395,0.765351817545,-0.677048411609,-0.830703728816,0.617094190877,0.815127712306,1.10075053388,-0.753877921059
2.508371,0.765225452397,-0.676422766272,-0.830694709455,0.615766383398,0.815043711194,1.10071327257,-0.753917418362
2.518348,0.76498423607,-0.675838956114,-0.830670112629,0.614348999716,0.814989754128,1.1006971867,-0.753815617465
2.528324,0.764641398184,-0.67522681705,-0.830748295946,0.613063437492,0.815080092038,1.10072322728,-0.753611119781
2.538301,0.764341861644,-0.674601319046,-0.830992234388,0.612010970825,0.815424597605,1.10089626023,-0.753445821708
2.548277,0.76435076186,-0.673975447116,-0.831307090834,0.610973448274,0.815580943174,1.10102064897,-0.753394967171
2.558253,0.764336918032,-0.673246844486,-0.831552401338,0.609630975182,0.815601002115,1.10106268378,-0.753428505595
2.568230,0.764057907426,-0.672489535787,-0.831697444803,0.608172743333,0.815620594085,1.10107683018,-0.753644985979
2.578206,0.76361586682,-0.671739970547,-0.831683605342,0.606896253263,0.815605546065,1.10102757138,-0.753946990026
2.588183,0.763241182996,-0.671007282623,-0.831513063241,0.60590890612,0.815535250863,1.10090504358,-0.754166260703
2.598159,0.763120071613,-0.670285726553,-0.831299352654,0.604993343041,0.815498960537,1.10077824416,-0.754173092993
2.608136,0.763103404985,-0.669619922209,-0.83132809642,0.603843795427,0.815683669127,1.10072527441,-0.754102826355
2.618112,0.763016327776,-0.668951042485,-0.831517494257,0.602597049961,0.815867104765,1.10062617991,-0.754083937623
2.628089,0.762960641271,-0.66832816269,-0.831728882861,0.601345802522,0.816009358448,1.10039743397,-0.754060393496
2.638065,0.762893391698,-0.667716934857,-0.831826480086,0.600295571306,0.81616103368,1.10007429296,-0.754072551702
2.648041,0.762760236844,-0.667034468044,-0.831791260626,0.599494878782,0.81626493577,1.09977026892,-0.754126445881
2.658018,0.762529809619,-0.666243653755,-0.831724473134,0.598784091271,0.816211481657,1.09958810668,-0.754155394012
2.667994,0.762186552173,-0.665621846805,-0.831762674529,0.597843482599,0.816158668635,1.09939110862,-0.753984373676
2.677971,0.761738304954,-0.665118467791,-0.832022555161,0.5968479763,0.816219243655,1.09913959069,-0.753973125963
2.687947,0.761443703028,-0.664590402753,-0.832317418606,0.595782972841,0.816230907962,1.09893320971,-0.754163288233
2.697924,0.761342801612,-0.664034335087,-0.832498159681,0.594632146995,0.816295989372,1.09879200085,-0.754354612405
2.707900,0.761376068373,-0.663427825671,-0.832594310771,0.593533254059,0.816421612239,1.09881823259,-0.754439463725
2.717877,0.761439805859,-0.662759810419,-0.832698669162,0.592614305264,0.816540797077,1.09908177562,-0.754390321752
2.727853,0.761453563523,-0.662089457292,-0.83277859443,0.591749990054,0.816592592947,1.09944601518,-0.754186860959
2.737829,0.761178464961,-0.661318104906,-0.832742385753,0.590559647733,0.816612874677,1.09973712138,-0.754015520287
2.747806,0.760824624637,-0.660602059339,-0.832716994214,0.589255142568,0.816533160271,1.09992188219,-0.753960014943
2.757782,0.760689143723,-0.660068370729,-0.832663309549,0.588078783384,0.816392971492,1.09988570873,-0.754010596519
2.767759,0.760757541409,-0.659707939258,-0.832641413132,0.587093338522,0.816312788985,1.0997133645,-0.75417738042
2.777735,0.760868231736,-0.659414216334,-0.832708306764,0.586235471645,0.816365562595,1.09957198736,-0.754365063086
2.787712,0.760854529734,-0.659025420261,-0.832842592249,0.585370998336,0.816491498672,1.09961079471,-0.754333474283
2.797688,0.760643289823,-0.658348658365,-0.832919677932,0.584352531555,0.816537047251,1.09990881341,-0.754129541643
2.807665,0.760402258568,-0.657643949364,-0.833007966683,0.58339504489,0.816594453212,1.10017020952,-0.754221092821
2.817641,0.76017010517,-0.656950839205,-0.833031004707,0.582637097066,0.816688934314,1.10028964694,-0.754398483335
2.827617,0.759920366132,-0.656340600985,-0.832963330746,0.581961622237,0.816798475613,1.10028506,-0.754522943158
2.837594,0.759681294854,-0.655889679843,-0.832923403604,0.581226708188,0.816876334311,1.10020330543,-0.754526953134
2.847570,0.759535240164,-0.655608034083,-0.833103881694,0.580377738543,0.816894098779,1.10011720952,-0.754390305946
2.857547,0.759478795176,-0.655188581918,-0.833404412939,0.57957440108,0.816982859309,1.10026956771,-0.753977823999
2.867523,0.759354796825,-0.654646725197,-0.833498723877,0.578868848212,0.817136261965,1.10063324848,-0.753643581837
2.877500,0.759239355304,-0.654089258354,-0.83358718688,0.578177472195,0.817057220955,1.10092532086,-0.753562138149
2.887476,0.759194192141,-0.653574183505,-0.833663800763,0.577319500585,0.81681165212,1.10113287287,-0.753575364431
2.897453,0.759194263247,-0.653102447839,-0.833662072413,0.576321457169,0.816545352306,1.10130589799,-0.753594705147
2.907429,0.759133958348,-0.652643947593,-0.83354261315,0.575390895858,0.816369271552,1.10145684948,-0.753630968692
2.917405,0.758854849763,-0.652191368794,-0.833416518133,0.574796122088,0.816229037963,1.10142345936,-0.753744312566
2.927382,0.758624771354,-0.651821875489,-0.833259605097,0.574268498937,0.816130338589,1.10099027128,-0.753962938385
2.937358,0.758747424831,-0.651491520699,-0.833209326939,0.573509469215,0.815830365406,1.10060722297,-0.754148062449
2.947335,0.758985218553,-0.651106964529,-0.833358674437,0.572670488263,0.815341953233,1.10056712589,-0.754177248591
2.957311,0.759157936883,-0.650611783086,-0.833635091606,0.571821584827,0.814902018759,1.10083687429,-0.754082335642
2.967288,0.759104431163,-0.650038007263,-0.833889406136,0.570939729262,0.814775937476,1.10117428331,-0.753954744346
2.977264,0.758661325697,-0.649527560832,-0.833993458478,0.56993531818,0.815068650198,1.10127804771,-0.753848288866
2.987241,0.758058231519,-0.649095098175,-0.83400102723,0.56898816161,0.815505441207,1.10118521749,-0.753664809097
2.997217,0.757866456741,-0.648702318627,-0.834011955447,0.568331171906,0.815596083168,1.10116642812,-0.753197566733
3.007194,0.757906542067,-0.648369725507,-0.834087444539,0.567749833611,0.815476780338,1.10147194362,-0.752592074288
3.017170,0.75802781801,-0.648060964348,-0.834097187177,0.567115311475,0.815274971037,1.10188254734,-0.752010830943
3.027146,0.758107736559,-0.647686089787,-0.83396861168,0.566430118373,0.815104344935,1.10210231277,-0.751502219198
3.037123,0.758069738841,-0.647161934257,-0.833775670105,0.565788487145,0.81503336584,1.10198685868,-0.75098507092
3.047099,0.757890775111,-0.646702595946,-0.833667048802,0.565031616929,0.814997955783,1.10181758136,-0.750487866498
3.057076,0.757720731692,-0.646259304965,-0.833706446212,0.56433456025,0.814943642185,1.10168290907,-0.750169131921
3.067052,0.757614513185,-0.64571641351,-0.833900866002,0.563876279405,0.814923397088,1.10178349707,-0.749895827769
3.077029,0.7575217765,-0.64529426067,-0.834182444396,0.563441107372,0.814871617101,1.10215918471,-0.749610580041
3.087005,0.757402695606,-0.64508738688,-0.834452048909,0.562917759737,0.81476358774,1.10267003188,-0.749263324454
3.096982,0.75727687895,-0.64498290163,-0.834645430706,0.562361012947,0.814662330722,1.10309332905,-0.748860788653
3.106958,0.757289112168,-0.64466098698,-0.834849387623,0.561923145279,0.814767454465,1.10333012597,-0.748597096972
3.116934,0.756964502767,-0.644264935263,-0.834907644453,0.56123693759,0.815007580195,1.10342573318,-0.748604380533
3.126911,0.756499381184,-0.643959968036,-0.834718046285,0.560425151235,0.815213701321,1.10355306696,-0.748612021696
3.136887,0.756247203861,-0.643631614482,-0.83439039751,0.559821745894,0.815323795474,1.10362633061,-0.748573436201
3.146864,0.756207349981,-0.643233243192,-0.834243147938,0.559396949142,0.815385476407,1.103530721,-0.748459326642
3.156840,0.75619539452,-0.642769321179,-0.834463314447,0.558912662361,0.815485105996,1.10330964808,-0.74829686693
3.166817,0.756080872867,-0.642260388527,-0.834769062489,0.558153429838,0.815661243878,1.10331656773,-0.748210785997
3.176793,0.756149980065,-0.641935908455,-0.834741506387,0.557407016478,0.81567270981,1.10348671779,-0.748320489464
3.186770,0.756309064001,-0.641891394553,-0.834702452029,0.556736036279,0.815549195908,1.10325876672,-0.748216256131
3.196746,0.756225769164,-0.641685591843,-0.834743724235,0.555990272976,0.815463841904,1.10295296474,-0.74787762522
3.206722,0.755943814075,-0.641219445065,-0.834851051182,0.555376074003,0.815553555117,1.10275360404,-0.747609768622
3.216699,0.755664027104,-0.64068580924,-0.834956426942,0.555023207433,0.815747025027,1.10272814369,-0.747635523074
3.226675,0.755595628796,-0.640442444069,-0.834988492114,0.554777425688,0.815749972657,1.10285657669,-0.747873694047
3.236652,0.755812491865,-0.640394327775,-0.835009524302,0.554303253014,0.815497558931,1.10324210503,-0.747907177711
3.246628,0.755750630554,-0.640123642712,-0.834986002419,0.553818128541,0.815263655499,1.10346177803,-0.747739317349
3.256605,0.755485577648,-0.639775534771,-0.834954097253,0.553119446734,0.81527872112,1.10342061882,-0.747571991025
3.266581,0.755236461621,-0.639359185559,-0.834999492041,0.552216291964,0.815452382021,1.10340261855,-0.747518885277
3.276558,0.755091875462,-0.638883118881,-0.835107568709,0.551356039311,0.8156292363,1.10354735222,-0.747539823916
3.286534,0.754988935861,-0.63842910615,-0.835158026954,0.550867529943,0.815710227454,1.10372464743,-0.747475411091
3.296510,0.754862740181,-0.638313873085,-0.834995810128,0.550747512616,0.815814360452,1.10352352029,-0.747184325813
3.306487,0.754680799597,-0.63814454514,-0.835073239751,0.550258569153,0.815855282909,1.10333258416,-0.746940722626
3.316463,0.754534636113,-0.637774601605,-0.835334911469,0.549695335311,0.815905103372,1.1033431599,-0.74682049829
3.326440,0.754391252431,-0.637406652285,-0.83549885214,0.549387436627,0.815952988831,1.10342096885,-0.746742499664
3.336416,0.754289670593,-0.637160237556,-0.835559150168,0.54919680826,0.815924568429,1.1036004142,-0.746623454547
3.346393,0.754277190129,-0.637036558457,-0.835652103342,0.548811046486,0.815776125391,1.10395354825,-0.746417192135
3.356369,0.754306660497,-0.636932538347,-0.835812454015,0.548198873945,0.815610710859,1.10436321746,-0.74614407277
3.366346,0.754226819206,-0.63685019004,-0.836017666492,0.547699213871,0.815426877687,1.10420651123,-0.745872726667
3.376322,0.754108160126,-0.636701325574,-0.836287465529,0.547208293685,0.815295048741,1.10391353259,-0.74549283846
3.386299,0.753955923724,-0.636345810245,-0.836394204661,0.546525403582,0.81527509334,1.10375281111,-0.745139319305
3.396275,0.753793521517,-0.635871094061,-0.836342656726,0.545715862647,0.815183454657,1.10377980038,-0.744835097692
3.406251,0.753610857595,-0.635431349022,-0.836238595139,0.545062292489,0.814881159546,1.10382865358,-0.744581567447
3.416228,0.753350767221,-0.635120459025,-0.836177126197,0.544921667655,0.814483855194,1.10358702721,-0.744422685735
3.426204,0.753092325085,-0.634845924852,-0.836065263377,0.544824062991,0.814624866344,1.10321556444,-0.744518726672
3.436181,0.75305614387,-0.63476359721,-0.836202845522,0.544341785476,0.814882613969,1.10302529661,-0.744718418494
3.446157,0.753074880363,-0.634773555318,-0.836344952946,0.543880408668,0.814960993721,1.10294546074,-0.744863886969
3.456134,0.753070577754,-0.634804530085,-0.836425924467,0.543514946902,0.815023494122,1.10288622841,-0.744765680472
3.466110,0.753036596163,-0.634849061221,-0.836480274337,0.543108457932,0.815133791962,1.10284422338,-0.744392980597
3.476087,0.753013618712,-0.63491661139,-0.836596416036,0.542479435724,0.815151236662,1.10290524137,-0.743908758617
3.486063,0.753001196353,-0.634787038933,-0.836825775666,0.541906279901,0.814932702727,1.10313834645,-0.743593703681
3.496039,0.752861172787,-0.634557880121,-0.837035948491,0.541703759456,0.814703099065,1.10320092647,-0.743355657688
3.506016,0.752763896436,-0.634441582475,-0.837073124768,0.541410643874,0.814578047677,1.10323866896,-0.74312273539
3.515992,0.75266809368,-0.634492635627,-0.837006538241,0.54090523697,0.814619563383,1.10331261361,-0.742690555717
3.525969,0.752516035447,-0.634625238262,-0.836904567225,0.540224170297,0.814792023875,1.10341862507,-0.741859094518
3.535945,0.752293703668,-0.634631432278,-0.836785389738,0.539454521297,0.814974789224,1.10350611689,-0.740631903145
3.545922,0.75209077848,-0.634208066941,-0.836583923767,0.538577633465,0.814993269683,1.10351131484,-0.7394936315
3.555898,0.75193124127,-0.633768264227,-0.836605059358,0.537783061984,0.814736446933,1.10343675883,-0.738626338056
3.565875,0.751843092267,-0.633514919426,-0.836823309673,0.536944741463,0.814624288481,1.10351985288,-0.737670099147
3.575851,0.751699106678,-0.633367541963,-0.836975700815,0.536019214669,0.81462589375,1.10371072363,-0.73664619969
3.585827,0.751414299363,-0.633286450691,-0.837018141404,0.535001606748,0.81470339345,1.10397762848,-0.735508026352
3.595804,0.75099707252,-0.63319486257,-0.837048048311,0.533907844904,0.814782389793,1.10425874896,-0.734205945558
3.605780,0.750572566806,-0.632934316642,-0.837202241182,0.532746538015,0.814732761373,1.10443919371,-0.732751115556
3.615757,0.750270425156,-0.632525829116,-0.837343150662,0.531295786433,0.814418167909,1.10459632904,-0.73129106984
3.625733,0.749836164938,-0.632123887537,-0.837359671654,0.529966045254,0.813755396021,1.10475561311,-0.729883463279
3.635710,0.749378089338,-0.631695909232,-0.837343367311,0.528629673587,0.813210676743,1.10502284495,-0.728484525306
3.645686,0.749065282273,-0.631311092776,-0.837288458178,0.527248084445,0.812936881875,1.10528190226,-0.726972271535
3.655663,0.748870991532,-0.630954301931,-0.837227333137,0.525778776939,0.8126787798,1.1054067178,-0.725226986748
3.665639,0.748559454912,-0.630533881468,-0.837233062886,0.524176005305,0.811954811922,1.10539132423,-0.723205130799
3.675615,0.748069782773,-0.630264696364,-0.837204557469,0.522535745195,0.811053549856,1.10558672294,-0.721110311604
3.685592,0.747773421648,-0.630154696837,-0.837181679411,0.520811315832,0.810400250157,1.10601840682,-0.719100219312
3.695568,0.747591873132,-0.62994220416,-0.837228476532,0.519256830025,0.809664298818,1.10641337351,-0.717232919183
3.705545,0.747415193881,-0.629648712959,-0.837200289387,0.51773856902,0.808766515819,1.10676970652,-0.715342335088
3.715521,0.7470010549,-0.629367154764,-0.837031805214,0.516022134131,0.807666684935,1.10712512384,-0.713307413468
3.725498,0.746195328415,-0.62918717013,-0.836842720184,0.514019680887,0.806452128447,1.10751005008,-0.711148728605
3.735474,0.745395800444,-0.629113755572,-0.837067085634,0.512198017513,0.805587823171,1.10792036255,-0.7091286946
3.745451,0.7453381793,-0.628728783514,-0.83750587657,0.510537249282,0.80499872884,1.10851237512,-0.707280559525
3.755427,0.745448970414,-0.628328277741,-0.837595354657,0.508971737253,0.804540526338,1.1092195878,-0.70530334542
3.765404,0.745293176238,-0.628204155022,-0.837379078553,0.507635116429,0.804214176265,1.11005511896,-0.70320067903
3.775380,0.744945993058,-0.628226261729,-0.837133406055,0.506531679994,0.803993560746,1.110946523,-0.700993230229
3.785356,0.744706872231,-0.628165032868,-0.837100613262,0.505515858118,0.803839892435,1.11178844468,-0.698723924061
3.795333,0.744756365034,-0.628037464393,-0.837250643361,0.50431401956,0.803727304263,1.11250911241,-0.696469784676
3.805309,0.744670077791,-0.628030026434,-0.83763185727,0.502937270225,0.803802779787,1.11321070648,-0.694317031294
3.815286,0.744425294599,-0.627966605298,-0.83804689902,0.501409213867,0.804179987768,1.11401647492,-0.692351276626
3.825262,0.744073881606,-0.627836933491,-0.83821928672,0.500118629759,0.804433025711,1.11481409884,-0.690598326531
3.835239,0.743673228732,-0.627635772841,-0.838029323301,0.499050449969,0.80426110224,1.11569804034,-0.689201568583
3.845215,0.743335223327,-0.627358849607,-0.837607491159,0.498037184057,0.80370064583,1.11668496475,-0.688234622006
3.855192,0.743198996288,-0.627005447912,-0.837324597973,0.496919387841,0.803159063975,1.11762432339,-0.687579419522
3.865168,0.743173946279,-0.626607250308,-0.837565393298,0.495754143669,0.803049157596,1.11846743414,-0.686679971138
3.875144,0.743189234433,-0.626370521097,-0.83758264265,0.49472555191,0.803151831061,1.11922466483,-0.685305700108
3.885121,0.743228321423,-0.626079535754,-0.837373670802,0.49380112151,0.803315882922,1.11976928605,-0.683721778191
3.895097,0.743160839737,-0.62573448557,-0.837252653598,0.49294492491,0.803409526635,1.12001512163,-0.682430434421
3.905074,0.742916616963,-0.625398136594,-0.837346720907,0.492171029134,0.803381908125,1.12008643799,-0.681604650296
3.915050,0.74256735102,-0.625179833764,-0.837556073489,0.491529035115,0.803282599308,1.12024714499,-0.681083736667
3.925027,0.742448266433,-0.625294837065,-0.837758279287,0.491038023893,0.80326416342,1.12065004216,-0.680739191452
3.935003,0.742478332466,-0.625561185802,-0.838050748906,0.490686244937,0.802932761624,1.12112248701,-0.680641617827
3.944980,0.742399033079,-0.625365944659,-0.838195865586,0.49038933017,0.802830218074,1.12145717432,-0.680615882357
3.954956,0.742382011426,-0.624873211431,-0.838193185409,0.490037045491,0.802939574013,1.1215057516,-0.68061253286
3.964932,0.742486703836,-0.624404318677,-0.838044511376,0.489671520567,0.803040509146,1.1213383213,-0.680696711619
3.974909,0.742620324826,-0.62419127524,-0.837804095429,0.489458821249,0.802952780758,1.12111567053,-0.680923432133
3.984885,0.74255368591,-0.624139459947,-0.837648902195,0.489617018057,0.802799925796,1.12091325719,-0.681184767194
3.994862,0.742358818365,-0.623936341499,-0.837566621894,0.489740613902,0.802942536553,1.12087278574,-0.681169012776
4.004838,0.742215213665,-0.623914293085,-0.837592141445,0.489285372197,0.803125152193,1.12107772336,-0.68111597837
4.014815,0.742107074748,-0.623933112575,-0.837731412089,0.488693119292,0.80324247458,1.12121249696,-0.681130263645
4.024791,0.742009619398,-0.62387977666,-0.837928657105,0.488344464034,0.80325876056,1.12129659023,-0.681207935119
4.034768,0.741929094198,-0.623670231317,-0.838123085995,0.488288619631,0.803156426147,1.12137363239,-0.681267690636
4.044744,0.741915149356,-0.623283421737,-0.83826237133,0.488148311704,0.802938465074,1.12135181072,-0.681212949551
4.054720,0.741975209961,-0.623044298295,-0.838044640115,0.487606910755,0.802953592049,1.12125127537,-0.681279248339
4.064697,0.741807506049,-0.623213689756,-0.837736481582,0.487285591124,0.803044353126,1.12130380652,-0.681457865239
4.074673,0.741629678715,-0.623186827814,-0.837702301846,0.487235764311,0.803218335068,1.12147683583,-0.681567539045
4.084650,0.741500114552,-0.622871547803,-0.837887767835,0.487305993279,0.803344993836,1.12172804778,-0.681528224685
4.094626,0.741480762965,-0.622482560782,-0.838100272809,0.487354892762,0.803378397476,1.12196547438,-0.681358547491
4.104603,0.741625804227,-0.622346311237,-0.838141385403,0.487277898098,0.803385776747,1.12208289993,-0.681175801198
4.114579,0.741825652061,-0.622446338136,-0.837958434506,0.486833330908,0.803429186462,1.12208080861,-0.681209333927
4.124556,0.742043942012,-0.622366310217,-0.837795020792,0.486610819306,0.803188744922,1.12194480036,-0.68128230792
4.134532,0.742106372824,-0.622305427186,-0.837855380507,0.486571162122,0.80310530595,1.12158866554,-0.681391134065
4.144508,0.741889588757,-0.622313358088,-0.837976432781,0.486443987103,0.803202830915,1.12126320308,-0.681414439058
4.154485,0.74149743875,-0.622253417504,-0.83802098468,0.486100162564,0.803287582133,1.121242702,-0.681291544959
4.164461,0.741167664298,-0.621991962957,-0.837987378335,0.485600966531,0.803145057064,1.12160352094,-0.681086561635
4.174438,0.741097279054,-0.621689849404,-0.838099683486,0.485190627145,0.802807434975,1.12196574369,-0.681045936012
4.184414,0.741301619598,-0.621542994518,-0.838125172981,0.485021583795,0.802890033459,1.1220005457,-0.681267148265
4.194391,0.741345125629,-0.621500524826,-0.838083240628,0.485144214438,0.803163083517,1.1219968456,-0.681510278717
4.204367,0.741350217908,-0.621440827336,-0.838015294277,0.485088056535,0.803400804565,1.12198368432,-0.681601749055
4.214344,0.74139641244,-0.621200388307,-0.837958862269,0.484693011403,0.803493036417,1.12193142436,-0.681535587515
4.224320,0.741456874459,-0.620875150499,-0.837947025415,0.484141312329,0.803478642031,1.12187856709,-0.681405786478
4.234297,0.741388183727,-0.620949696249,-0.837999510067,0.48389368031,0.803523634675,1.12199471483,-0.681336691508
4.244273,0.741268694012,-0.621313361759,-0.83800753823,0.484032247373,0.803458963217,1.12224855497,-0.681393338767
4.254249,0.741256991295,-0.621294139312,-0.838106618476,0.484282979419,0.80320521812,1.12229807832,-0.681604955141
4.264226,0.741330907883,-0.620931400723,-0.838095071701,0.484504221497,0.803249330797,1.12206023998,-0.681804571358
4.274202,0.741374986756,-0.620610930776,-0.838112863452,0.484470549833,0.803328845112,1.12184907888,-0.681856765541
4.284179,0.741340247489,-0.620578722711,-0.838203165015,0.48422926584,0.803206068041,1.12185870523,-0.681753041515
4.294155,0.741270576941,-0.620778853177,-0.838244829403,0.484078298843,0.802938682589,1.12198523993,-0.681628474048
4.304132,0.741150965483,-0.620965162123,-0.838324874145,0.48392903584,0.802883490401,1.12186415433,-0.681693221641
4.314108,0.741142805666,-0.620857849835,-0.838583751358,0.483778173379,0.803004954987,1.12202205496,-0.681674222787
4.324085,0.741188435544,-0.620509182323,-0.838652901384,0.483601076844,0.80321723908,1.12234003297,-0.681684417594
4.334061,0.741125684627,-0.620223695069,-0.838438952787,0.483406416401,0.803424473871,1.12241672011,-0.681650720203
4.344037,0.74096597703,-0.620184095664,-0.838138835752,0.483268050491,0.803518328977,1.12224283963,-0.681664903009
4.354014,0.740842060542,-0.620270698573,-0.838080138901,0.483228319018,0.803410689761,1.12205354449,-0.681835951921
4.363990,0.740825414077,-0.619836991041,-0.83842246179,0.483106938604,0.803075866402,1.12183600121,-0.681914760033
4.373967,0.740815237492,-0.619473645569,-0.838401763855,0.482643747361,0.803255376726,1.12190851357,-0.681813443377
4.383943,0.74087680336,-0.619575442352,-0.838268361192,0.48250652318,0.803442957777,1.12215709312,-0.681715570863
4.393920,0.741102579904,-0.619818521873,-0.838356946649,0.482649137478,0.803415092014,1.12238696704,-0.681712295564
4.403896,0.74139852552,-0.619884543012,-0.838516765448,0.482768189369,0.803207760396,1.12256090656,-0.681650746789
4.413873,0.741534167585,-0.619680196203,-0.838440309973,0.482597067356,0.803006076753,1.12269219455,-0.681459355671
4.423849,0.741244035305,-0.619466231028,-0.838021696088,0.482166000639,0.80300647447,1.12272908433,-0.681425484197
4.433825,0.740981896245,-0.619065005462,-0.837770068265,0.481777750704,0.803009393424,1.12244084118,-0.68172461818
4.443802,0.740964917437,-0.61870991416,-0.837773275288,0.481643614289,0.803048344994,1.12222169315,-0.681894269074
4.453778,0.740798036564,-0.618800163822,-0.837867492801,0.481573574032,0.80316461852,1.12225653787,-0.681922630896
4.463755,0.740615531097,-0.619023079051,-0.837964130711,0.481444486789,0.803326548409,1.12240845878,-0.681802541341
4.473731,0.740617630363,-0.619003685309,-0.838041484967,0.481259696293,0.803470009352,1.12251402614,-0.681553349361
4.483708,0.740824035034,-0.618657058993,-0.838123125361,0.481145774082,0.803533948489,1.12253008706,-0.681260893583
4.493684,0.740833505673,-0.618488625157,-0.8381370899,0.481180046472,0.803533005303,1.12258425181,-0.681314408734
4.503661,0.740798011126,-0.618572225505,-0.838040381225,0.481053099284,0.803677346169,1.12273218499,-0.681574140221
4.513637,0.740764006125,-0.618717236298,-0.83811034917,0.480947444802,0.803675378,1.12285077749,-0.68166612783
4.523613,0.740672867648,-0.618740231658,-0.83820252681,0.480875119827,0.803405816036,1.12287233185,-0.681682004803
4.533590,0.740585225111,-0.618588551286,-0.838274023633,0.480893514909,0.803165690166,1.12291123104,-0.681697670541
4.543566,0.740608753947,-0.618343992504,-0.838391198647,0.481024104993,0.803313548606,1.12314681638,-0.681713128152
4.553543,0.74062349837,-0.618155561241,-0.838502796231,0.480957179423,0.803291543216,1.1234880606,-0.681728370794
4.563519,0.740384991123,-0.618052156883,-0.838735923179,0.48051523791,0.803359181426,1.12331013809,-0.68174173451
4.573496,0.740175001257,-0.618023230672,-0.838874995493,0.479996087673,0.803446549853,1.12297807885,-0.681723473736
4.583472,0.740138758299,-0.618045687025,-0.838744472489,0.479584556617,0.803273807025,1.12283848742,-0.681633486403
4.593449,0.740220544726,-0.618042560059,-0.838551964643,0.47931057579,0.803129020097,1.12292678396,-0.681520752225
4.603425,0.74030739365,-0.617871919701,-0.83857407149,0.479220181452,0.803321087336,1.1230883161,-0.681491304572
4.613402,0.740396368419,-0.617343874188,-0.838769281274,0.479559916159,0.803517306294,1.12316062529,-0.681651960813
4.623378,0.740155129066,-0.617316428008,-0.83876847464,0.48006307305,0.803350572925,1.12300466411,-0.681721500968
4.633354,0.740262060541,-0.617591014012,-0.838492083178,0.480132180161,0.80309499761,1.12279372107,-0.681563646848
4.643331,0.740477761895,-0.617640313385,-0.838323244379,0.480066237099,0.802995897067,1.12284042153,-0.681542015452
4.653307,0.740613793631,-0.617461065305,-0.838331216619,0.479913071315,0.802995608576,1.12304732456,-0.681767434505
4.663284,0.740613549399,-0.617186092007,-0.838533774568,0.479733468866,0.803005941463,1.12318749805,-0.682082902718
4.673260,0.740568435911,-0.616892272103,-0.83894793737,0.479666566508,0.80304981823,1.12311255807,-0.682158762655
4.683237,0.740465754611,-0.616877459705,-0.838776335517,0.479304726103,0.803159872545,1.12306601253,-0.682215377369
4.693213,0.740123532715,-0.617071665378,-0.838429895824,0.479065902689,0.803160153628,1.12301123325,-0.682074856908
4.703190,0.739965753353,-0.617161287869,-0.838453895776,0.479055217542,0.803058664494,1.12275626549,-0.681689737553
4.713166,0.739936548485,-0.617067304948,-0.838679088304,0.479142821473,0.80298959292,1.12265578895,-0.681366494899
4.723142,0.739907973145,-0.616867670566,-0.838837538767,0.479256008924,0.802988779664,1.12278942766,-0.681322310799
4.733119,0.739853561619,-0.616741281617,-0.83876500949,0.479366702611,0.802993262818,1.12290067904,-0.681595285117
4.743095,0.740094795858,-0.61686665305,-0.838516686821,0.479184079961,0.803030528953,1.12284653842,-0.682176989599
4.753072,0.740052469607,-0.617051545487,-0.838445231161,0.478705213314,0.80313819625,1.12313480955,-0.682352578039
4.763048,0.739839385399,-0.616985016386,-0.838340215231,0.478388565117,0.803185106945,1.12334184705,-0.682369313388
4.773025,0.739725686089,-0.616677295479,-0.838217405872,0.47828353974,0.803180153307,1.12320765661,-0.682278427323
4.783001,0.739789982964,-0.616380685346,-0.83819410863,0.478333150552,0.803158134643,1.12289199612,-0.682156515959
4.792978,0.739960725348,-0.616330940604,-0.838312848845,0.478422185807,0.803143272089,1.12269987746,-0.682119358931
4.802954,0.740139692868,-0.616401912465,-0.83831721582,0.478416252865,0.803113086809,1.12264865757,-0.682318822371
