time,right_s0,right_s1,right_e0,right_e1,right_w0,right_w1,right_w2
0.652171,0.738575119146,-0.607728710143,-0.837705251541,0.469192079263,0.809292046364,1.123609981,-0.679628511735
0.662141,0.739813478964,-0.607821784077,-0.836390805996,0.470583139296,0.810414804603,1.12422776247,-0.678145760082
0.672112,0.740791555922,-0.608263363145,-0.835103618711,0.472225240376,0.811542233372,1.12476927353,-0.676811221343
0.682082,0.741794868494,-0.608720842118,-0.833897603024,0.474071506698,0.812537839242,1.12546109241,-0.675710105085
0.692052,0.742932825973,-0.609086221098,-0.832816306756,0.476159158809,0.813289203218,1.12635615152,-0.674800679675
0.702023,0.744138728469,-0.609476105522,-0.831892912218,0.478609513609,0.813707980738,1.12733373745,-0.67391427228
0.711993,0.745208190271,-0.610339529697,-0.831132946218,0.481528258783,0.814000412599,1.12787372579,-0.673305965851
0.721963,0.746212803787,-0.611543629984,-0.830454835342,0.484669414902,0.814408877147,1.12861556889,-0.672842172564
0.731934,0.747239733537,-0.612763037515,-0.829899132633,0.488057766123,0.814812714939,1.12940290305,-0.672308299732
0.741904,0.748282927956,-0.613889796021,-0.829436882262,0.491709699274,0.815132689434,1.1301123527,-0.671726120545
0.751874,0.749243119392,-0.615033361824,-0.828969619535,0.495633203856,0.815330987001,1.13065353036,-0.671353774067
0.761844,0.749918897371,-0.616518809504,-0.828355703266,0.499897976,0.815491016999,1.13107347387,-0.671244523066
0.771815,0.750756596289,-0.618421227956,-0.827773214672,0.504382582867,0.815735612932,1.13134439132,-0.671224018894
0.781785,0.751605701864,-0.620450161328,-0.827343416633,0.509022092326,0.815881148013,1.13171518516,-0.67137523737
0.791755,0.752389815144,-0.622448757242,-0.827081705908,0.51375085488,0.815900133638,1.13233698425,-0.671675669015
0.801726,0.753106652503,-0.62439376679,-0.826897613137,0.518502503664,0.815921219389,1.13326314389,-0.671997319043
0.811696,0.753965058972,-0.626884425154,-0.826537005145,0.523444134811,0.815825899337,1.13418956808,-0.672104461889
0.821666,0.754901840126,-0.629357124106,-0.826289370687,0.528880955733,0.815469133864,1.13496235253,-0.67240719638
0.831637,0.755886927546,-0.631611275337,-0.826233357361,0.534659944514,0.81519083514,1.13573164813,-0.672926343086
0.841607,0.756866855698,-0.63369562696,-0.826277006433,0.540497226013,0.815027893937,1.13654982161,-0.673617000499
0.851577,0.757764761927,-0.635908263505,-0.826157752837,0.545978071863,0.814714179625,1.13737145554,-0.674368545034
0.861548,0.758663512839,-0.638707632227,-0.826095200265,0.551557065282,0.814029819694,1.13800186544,-0.675233211329
0.871518,0.759382668022,-0.641421356775,-0.826134340824,0.557602099242,0.813403804825,1.13853345011,-0.676380337573
0.881488,0.759977051149,-0.644131836723,-0.826076716842,0.56373440634,0.812838920622,1.13891150626,-0.677858950537
0.891459,0.760556674961,-0.646909031709,-0.825903518629,0.569677817789,0.812256076194,1.13918249068,-0.679627847511
0.901429,0.761286741275,-0.649810461436,-0.825775584471,0.57525876342,0.811494304158,1.13949402025,-0.68155559631
0.911399,0.762003424911,-0.652897861502,-0.825824550076,0.580947412642,0.810410186101,1.14002069758,-0.683369363386
0.921370,0.762767246433,-0.656019752519,-0.825933525575,0.586739355211,0.809296137876,1.14084493729,-0.685237710353
0.931340,0.763625572797,-0.659189011648,-0.826021331785,0.592814784438,0.808186611972,1.14177879778,-0.68731067678
0.941310,0.76458317123,-0.662331148488,-0.826050629832,0.599249682354,0.80709886186,1.14258757938,-0.689649054614
0.951280,0.765602209233,-0.66528430507,-0.826027921147,0.606015819712,0.806032942004,1.14298982434,-0.692224388182
0.961251,0.766472683124,-0.668159045846,-0.82607530588,0.612668367045,0.804956959268,1.14319458319,-0.694835821452
0.971221,0.767235505414,-0.671272250125,-0.82617271287,0.619213509308,0.803666158691,1.14346401733,-0.697597953295
0.981191,0.768128453176,-0.674666677271,-0.826220652611,0.625733575409,0.802154834393,1.14375308608,-0.700438082635
0.991162,0.769225092999,-0.678259031788,-0.826242894917,0.63224087251,0.800458173945,1.14407066004,-0.703285626078
1.001132,0.770434780984,-0.681839963314,-0.82638646892,0.638677686034,0.79865225837,1.14447952115,-0.706072117917
1.011102,0.77143201434,-0.68520882482,-0.826868084851,0.645190565431,0.796845082135,1.14497923687,-0.709010536299
1.021073,0.772314837415,-0.688379353637,-0.827500240753,0.651841664474,0.794964368307,1.14531708286,-0.712151250323
1.031043,0.773063888697,-0.691615140567,-0.828185074241,0.658495945078,0.792980514954,1.14556492759,-0.715402281695
1.041013,0.773764077576,-0.695039639952,-0.828787803601,0.665103384042,0.79091285867,1.14577856648,-0.718617667837
1.050984,0.774604584337,-0.698636169678,-0.829136727791,0.671698973044,0.788829674573,1.14599772186,-0.721597461888
1.060954,0.775718318901,-0.702096367017,-0.829328276971,0.678463542369,0.787038832373,1.14631815333,-0.724535815721
1.070924,0.776568710113,-0.705698177687,-0.829709501368,0.6851374158,0.785088838541,1.1466581672,-0.727679947414
1.080895,0.777345860819,-0.709339225975,-0.830225976498,0.691711395124,0.782934523277,1.1469618565,-0.730885291307
1.090865,0.778175144417,-0.71293366166,-0.830784393923,0.698251616287,0.780645797527,1.14721282023,-0.734026856555
1.100835,0.779117204858,-0.716412160018,-0.831252561252,0.704899549396,0.778407652984,1.14743416333,-0.736999227117
1.110805,0.780006092951,-0.720005550225,-0.831498541688,0.711472925113,0.77632852266,1.14773468723,-0.739673041889
1.120776,0.780785741857,-0.723475622991,-0.831945844067,0.717947621003,0.77418326908,1.14800615561,-0.742138410892
1.130746,0.781531237353,-0.726817097312,-0.832512564275,0.724294710364,0.772104158021,1.14823800226,-0.74440973196
1.140716,0.782251204561,-0.730148531815,-0.833076113174,0.730596446597,0.770091289459,1.14845206106,-0.746549624881
1.150687,0.782887807945,-0.733712324752,-0.833473216602,0.737046263209,0.76801259757,1.14870256599,-0.748668931393
1.160657,0.783500434271,-0.737340435248,-0.833882113909,0.743673304099,0.765555227802,1.14912845666,-0.750658429684
1.170627,0.784275223719,-0.740656845375,-0.834321369449,0.750043983271,0.763340713237,1.14966012732,-0.752475204776
1.180598,0.785230512601,-0.743805544677,-0.834761115122,0.756118805899,0.76119975862,1.15010796579,-0.75430569096
1.190568,0.786326213689,-0.746972945363,-0.83524587452,0.761951372342,0.759013879788,1.15046092383,-0.756206070674
1.200538,0.787463816217,-0.750387882307,-0.835894562926,0.767688378144,0.75671540368,1.15088651712,-0.7581022745
1.210509,0.788262082622,-0.753876159243,-0.836790848221,0.773589817873,0.754688280829,1.15138247925,-0.75981634562
1.220479,0.78909239122,-0.757041808354,-0.837565785284,0.779578575657,0.752640307399,1.1514474636,-0.761634568797
1.230449,0.789947840537,-0.760015354881,-0.838216663494,0.785403704138,0.750610159123,1.15136457886,-0.7634936478
1.240420,0.790765131611,-0.762944233499,-0.838767346676,0.790989249131,0.748606065877,1.15135759622,-0.765342484124
1.250390,0.791424567989,-0.765992788316,-0.839268273103,0.796434249622,0.746605811683,1.15159094938,-0.767142176991
1.260360,0.792008460683,-0.769155867218,-0.839776867539,0.801675680469,0.744903300897,1.15182594332,-0.768826270271
1.270331,0.792563685722,-0.772283160227,-0.840237673386,0.806845173799,0.74335524671,1.15192429271,-0.770381031663
1.280301,0.792977611847,-0.775345625979,-0.84077114385,0.812078748427,0.741821715603,1.15190284244,-0.771983574103
1.290271,0.793333304704,-0.778304678531,-0.841480092918,0.81734501068,0.740293452603,1.15185736309,-0.773782622227
1.300241,0.793909526847,-0.781112187362,-0.842449695365,0.822445154392,0.738891881283,1.15196255096,-0.77589851237
1.310212,0.794458319479,-0.784035257836,-0.843481693465,0.827159321127,0.737852370395,1.15224458358,-0.778028230872
1.320182,0.794784692608,-0.786992949218,-0.84434350309,0.831751750659,0.736920419349,1.15219153012,-0.779916157041
1.330152,0.7951111794,-0.789858048412,-0.845158256721,0.836421801046,0.735932927756,1.15192879465,-0.781611631491
1.340123,0.795569005864,-0.792651306988,-0.84603249315,0.841246209708,0.7348268865,1.15156484463,-0.783245525068
1.350093,0.796198090853,-0.795541441184,-0.847056157475,0.846179093426,0.733639377738,1.15119121101,-0.785030238846
1.360063,0.796712519095,-0.798490271912,-0.848124156551,0.850678804501,0.732504901657,1.15086890282,-0.786978997953
1.370034,0.797187208509,-0.801036641747,-0.849142601123,0.85487652556,0.731564957231,1.15065593317,-0.788888185354
1.380004,0.797628806662,-0.803267798744,-0.850206152231,0.858946274276,0.730825932426,1.15032387356,-0.79069491952
1.389974,0.798019524545,-0.805425082852,-0.851374023926,0.863038211538,0.730233206325,1.14974386048,-0.792364231446
1.399945,0.798317136572,-0.807903925919,-0.852669983272,0.867278641455,0.729671149128,1.14888659544,-0.79388906465
1.409915,0.798719649395,-0.8106564909,-0.854248625231,0.871598398335,0.729091581256,1.14811078287,-0.795504432082
1.419885,0.799183016157,-0.813161425272,-0.855845091366,0.875924830905,0.728407676903,1.1472286825,-0.797123619026
1.429856,0.799571804258,-0.815542961805,-0.857420554617,0.880154486513,0.727721133952,1.14619605524,-0.798691094157
1.439826,0.799822320772,-0.817919590881,-0.858979792511,0.884194451233,0.727115425907,1.14498214297,-0.80024735827
1.449796,0.799942612446,-0.820404060495,-0.86057118717,0.887962349867,0.726655801891,1.14356966857,-0.801928944279
1.459767,0.800173950662,-0.822671687192,-0.862045886103,0.891790201284,0.726187041659,1.14182807821,-0.803792127874
1.469737,0.800545606153,-0.824810319165,-0.863684281749,0.895849953521,0.725735879384,1.1401015611,-0.805640796998
1.479707,0.800947820628,-0.826951168764,-0.865517208106,0.899859979505,0.725308492884,1.13835145111,-0.807493561277
1.489677,0.801317598954,-0.829099736446,-0.86744159264,0.903682192809,0.724863261257,1.13652417952,-0.809276402582
1.499648,0.801638709154,-0.831135810777,-0.869220456295,0.907322047651,0.724310764883,1.13455127495,-0.810822675036
1.509618,0.801970557399,-0.832946480392,-0.870809343842,0.911190760298,0.723714562574,1.13258575928,-0.811962564675
1.519588,0.802356353711,-0.834998949616,-0.872410686005,0.915010209088,0.723188184663,1.13058356056,-0.813022961213
1.529559,0.802766580296,-0.83726881008,-0.87405640545,0.91879442895,0.72270330091,1.12846742269,-0.813926859135
1.539529,0.803126821074,-0.839634879801,-0.87577477495,0.922556988337,0.722211268526,1.12624396737,-0.814560902967
1.549499,0.803317761676,-0.841879203188,-0.877590417379,0.926310989223,0.721643132168,1.12400369411,-0.814775387275
1.559470,0.803399432534,-0.843812830243,-0.879427913888,0.92986091522,0.720838594157,1.12198748802,-0.814920924018
1.569440,0.803557857175,-0.845582623682,-0.88137345289,0.933597023615,0.720184827075,1.12002831914,-0.815254194822
1.579410,0.803675491932,-0.847317425915,-0.883393576188,0.93739831973,0.719704442243,1.11793280489,-0.815526665575
1.589381,0.803737399033,-0.84904380957,-0.885381934878,0.941105340774,0.719320577408,1.11553073632,-0.815719482872
1.599351,0.803831246594,-0.850686077495,-0.887159289345,0.944520155847,0.71885689674,1.11267507816,-0.816043474017
1.609321,0.804174102738,-0.852301334332,-0.888876682378,0.94783720555,0.718183413723,1.10943359706,-0.817118199435
1.619292,0.804438558345,-0.854103430431,-0.890642910112,0.951188801176,0.717446100577,1.10626620967,-0.818271638978
1.629262,0.80460455707,-0.856013084736,-0.892423483843,0.954602144196,0.716807095703,1.10334932481,-0.819493562909
1.639232,0.804681210096,-0.857926328337,-0.894224091856,0.95808420336,0.716342761954,1.10074705487,-0.820777432264
1.649203,0.804706796139,-0.859714504467,-0.89609059942,0.961621714701,0.716043686628,1.09841121587,-0.82212039886
1.659173,0.804721213285,-0.861496588376,-0.898015214808,0.965043621957,0.715805749052,1.09584022433,-0.823308454779
1.669143,0.804705853513,-0.863292332985,-0.899995294265,0.968437617192,0.715559578758,1.09313613996,-0.824473684302
1.679113,0.804598152296,-0.865053425104,-0.901990892394,0.971853707652,0.715238230987,1.09044546793,-0.825751107409
1.689084,0.804443789799,-0.866775639108,-0.903995742415,0.975336762574,0.714830909628,1.08779286517,-0.827149228979
1.699054,0.804396690882,-0.868498836941,-0.906037256159,0.978926513199,0.714382967208,1.08508114042,-0.828550038792
1.709024,0.80450840905,-0.870378602293,-0.907997520392,0.982502107982,0.713934372105,1.08222726884,-0.829612684702
1.718995,0.804423701125,-0.872160012116,-0.90985435455,0.985864403597,0.713472457279,1.07939670205,-0.830720451357
1.728965,0.804266641933,-0.87376324977,-0.911532701205,0.989206358862,0.712940912641,1.07662829365,-0.83190712371
1.738935,0.804113705082,-0.875219580465,-0.913016979817,0.992645434788,0.712333365825,1.07391451141,-0.833157219659
1.748906,0.803993762959,-0.876671351266,-0.914351086742,0.996223594571,0.71169338218,1.07120143719,-0.83440599005
1.758876,0.803711516909,-0.87825640677,-0.916181222173,0.999825289498,0.711218033103,1.0683677705,-0.835767778787
1.768846,0.803572970133,-0.879928610514,-0.918219628849,1.00348055773,0.710842384938,1.06560995575,-0.837122588482
1.778817,0.803513852827,-0.881646085558,-0.920138351316,1.00706204402,0.710503014366,1.06282566575,-0.838459785131
1.788787,0.803365977916,-0.883355278377,-0.921795330579,1.01053139563,0.710153413338,1.05999670272,-0.839773625798
1.798757,0.80285724105,-0.884990958856,-0.923234404101,1.01393926237,0.709763989071,1.0571889982,-0.841063258615
1.808728,0.802146850115,-0.886559584838,-0.924927800329,1.0175142047,0.70944030118,1.05479779406,-0.842204129984
1.818698,0.801597896283,-0.888206118771,-0.926736168545,1.02111101112,0.709120180214,1.05246939718,-0.843321877125
1.828668,0.801114797532,-0.889896567669,-0.928377456006,1.02453463492,0.708761490958,1.05014749727,-0.844423292777
1.838639,0.800594101114,-0.891562537466,-0.929785907963,1.027743246,0.708353908811,1.04780057774,-0.845496938107
1.848609,0.799924483562,-0.89310123302,-0.931112067657,1.03084823092,0.707918919791,1.04542191568,-0.846513142712
1.858579,0.799156183224,-0.89453151497,-0.932761931905,1.03435725976,0.707571334654,1.04306209585,-0.847582951306
1.868549,0.79861079553,-0.895911683487,-0.934447052956,1.03784259976,0.707370504674,1.0408942161,-0.84868398813
1.878520,0.798138562201,-0.897303649909,-0.936003887826,1.0411718298,0.707188148347,1.03880687734,-0.849758699621
1.888490,0.797573107355,-0.898765901108,-0.937399801055,1.04439807862,0.706929594622,1.03674368943,-0.850794748497
1.898460,0.796731437512,-0.900353499491,-0.938733064701,1.04776002475,0.706533782893,1.03470327122,-0.85182501376
1.908431,0.795798791516,-0.90181271831,-0.940162870919,1.0513456133,0.705989859795,1.03300246063,-0.852967929933
1.918401,0.79483335443,-0.903008064686,-0.941691736347,1.054831289,0.705501129221,1.03141609527,-0.854102441747
1.928371,0.793873856047,-0.904081407116,-0.943305549734,1.05812678756,0.705196319776,1.02983601834,-0.855201655115
1.938342,0.792933769216,-0.905197300196,-0.944911642114,1.06123790698,0.705026807588,1.02823054791,-0.856291908934
1.948312,0.792001309845,-0.906542984626,-0.946338786803,1.06426650759,0.704766616304,1.02664447692,-0.857452775087
1.958282,0.790932088588,-0.907930824781,-0.947409940614,1.06739887479,0.704282786397,1.0249422986,-0.858597152016
1.968253,0.789908351051,-0.909127014433,-0.948435035845,1.07056955291,0.703834830632,1.02314677826,-0.85958644156
1.978223,0.788919035282,-0.910301469977,-0.949554943258,1.07376239834,0.703495003279,1.02143666335,-0.86053038035
1.988193,0.787890136562,-0.911555257484,-0.950835429332,1.07695314338,0.703287186116,1.01985648878,-0.861478588968
1.998164,0.786684707411,-0.912920592695,-0.952267156261,1.08010939623,0.703186888431,1.01831657689,-0.862420571946
2.008134,0.785171727869,-0.913883774788,-0.953651286147,1.08310043314,0.702880839448,1.01672092017,-0.863125951951
2.018104,0.783717556153,-0.914660144421,-0.954782559878,1.08604396325,0.702463427164,1.01535534082,-0.863790407336
2.028074,0.782358960556,-0.915520520041,-0.955707189811,1.08895375142,0.7020234057,1.01407756981,-0.864547096694
2.038045,0.781007762261,-0.916588627048,-0.956516233733,1.09180646933,0.701633188605,1.01273856241,-0.865483962491
2.048015,0.779450835336,-0.917841097799,-0.957345594858,1.09454169551,0.701348848849,1.01118249821,-0.866643731059
2.057985,0.77778845991,-0.919056871278,-0.957992487322,1.09729773142,0.701196098155,1.0096242201,-0.86769533369
2.067956,0.776123060822,-0.920025492327,-0.958523910288,1.10013254664,0.700972275226,1.00816135808,-0.868561810168
2.077926,0.774386080935,-0.920891910208,-0.959102059534,1.10294137881,0.700705418605,1.00672403222,-0.869414352622
2.087896,0.772560227078,-0.921816410599,-0.95975407792,1.10564547203,0.700440583496,1.00523356533,-0.870306775421
2.097867,0.770679470051,-0.922974615594,-0.960372055385,1.10819207681,0.700239841768,1.00360248297,-0.871175515181
2.107837,0.768876306007,-0.924055584778,-0.960796505826,1.11054151923,0.699940969227,1.00192665382,-0.871983114481
2.117807,0.767168671744,-0.924858590459,-0.961305479937,1.11287898779,0.699719523638,1.00030618768,-0.872841889907
2.127778,0.765491586169,-0.925515032639,-0.961804740932,1.11527096102,0.699594972023,0.998656034735,-0.87364697777
2.137748,0.763754126013,-0.92615293575,-0.962165108214,1.11766946637,0.699479408295,0.996979399645,-0.874369600505
2.147718,0.76183942583,-0.926896948654,-0.962222457372,1.11991208025,0.699177553263,0.995367741572,-0.875057066673
2.157689,0.759670543307,-0.927766753238,-0.962276573213,1.12209611477,0.698720357944,0.993935667505,-0.875785379672
2.167659,0.757527509335,-0.928677290751,-0.962377370215,1.12443704867,0.698413416248,0.992450011494,-0.876580267497
2.177629,0.75553277022,-0.929549193937,-0.962486730511,1.12688297672,0.698225942079,0.990969997202,-0.877469180876
2.187600,0.75366680497,-0.93031310931,-0.962568724936,1.12936904913,0.698135010905,0.989515771169,-0.878398256283
2.197570,0.751768125297,-0.93090969716,-0.962589613024,1.13181747159,0.698125559763,0.988068402803,-0.879232315936
2.207540,0.749625542152,-0.931372423605,-0.962758085492,1.13396017303,0.698229549877,0.986499195263,-0.879956780974
2.217510,0.747390771634,-0.931999900692,-0.963144279173,1.13586481268,0.698058561205,0.98492371825,-0.880535843261
2.227481,0.745149817622,-0.932783389664,-0.963481542854,1.13769653345,0.697593043104,0.983322083925,-0.880962948026
2.237451,0.742983412962,-0.933591138149,-0.963640052428,1.13956541858,0.696966985368,0.981694742606,-0.881385360401
2.247421,0.740967019465,-0.934168380155,-0.963626810885,1.14152649169,0.696467918227,0.980062482767,-0.882104165419
2.257392,0.738906808364,-0.93450920923,-0.963821477667,1.14343239183,0.696293502979,0.978972311161,-0.883030828687
2.267362,0.736682769985,-0.934960859338,-0.964086899269,1.14533348941,0.696233052438,0.978004387959,-0.883891831937
2.277332,0.734401001273,-0.935453556834,-0.964282828067,1.14725715572,0.696178869869,0.976887955642,-0.884645147973
2.287303,0.732163980239,-0.935956158484,-0.964416321192,1.14912827243,0.696146341786,0.975601800949,-0.885231161746
2.297273,0.73007056596,-0.936476151462,-0.964641740523,1.15076923159,0.696273937957,0.974374254878,-0.885572670355
2.307243,0.728054677974,-0.937015716694,-0.964897471144,1.15202606649,0.696402180815,0.973152673334,-0.885938336392
2.317214,0.725847487379,-0.93746277692,-0.96508447216,1.1532447119,0.696203770714,0.971894352731,-0.886401278391
2.327184,0.723457078824,-0.937801010091,-0.965241703466,1.15456785004,0.695838888844,0.970521242047,-0.886972340866
2.337154,0.720970685723,-0.93798852501,-0.965378871941,1.15601351763,0.695456506141,0.969010012593,-0.88767830868
2.347125,0.718554690259,-0.937957861327,-0.965476431448,1.15747510595,0.695194383283,0.967392058012,-0.888561907045
2.357095,0.716255848908,-0.937792791011,-0.965538607826,1.15863112253,0.695010353985,0.966049669626,-0.889324655233
2.367065,0.713951769027,-0.937682631414,-0.965617684773,1.15968562626,0.694864588138,0.964614024828,-0.889984428018
2.377036,0.711682045053,-0.937594251722,-0.965712487983,1.16072818627,0.694794830427,0.962959481733,-0.890563381714
2.387006,0.709453233499,-0.937521745178,-0.965866304443,1.16178388242,0.694788020347,0.961185962217,-0.891025485602
2.396976,0.707238852962,-0.937486429088,-0.966166882427,1.16281330531,0.694780292203,0.959618951915,-0.891276521921
2.406946,0.704946325263,-0.937578931039,-0.96649917824,1.16389024985,0.694313112823,0.958044209866,-0.891534676078
2.416917,0.702465357946,-0.937642779501,-0.966557951557,1.1650867669,0.693814491904,0.956215272314,-0.892133791055
2.426887,0.699762808996,-0.93751125036,-0.966582469304,1.16622048746,0.693512971719,0.954394109785,-0.892812992698
2.436857,0.69695145754,-0.937111301646,-0.966732061266,1.16720556603,0.693442671931,0.952675193084,-0.893403491019
2.446828,0.694290003845,-0.936463573528,-0.967086120091,1.16805268058,0.693443289588,0.950985493295,-0.893828580201
2.456798,0.691700004017,-0.936194232996,-0.967243903316,1.16904486977,0.693399453602,0.94884299766,-0.894319996261
2.466768,0.689042642147,-0.93622303154,-0.967209328483,1.17009729122,0.693380708346,0.946655878639,-0.894825235699
2.476739,0.686312429297,-0.936216649035,-0.967086094231,1.17102122194,0.693418834655,0.944561889051,-0.895340857304
2.486709,0.683496969099,-0.936033143248,-0.966971459842,1.17175740653,0.693501407862,0.942584624954,-0.895859616986
2.496679,0.680576957749,-0.935721949831,-0.966956245239,1.17237605721,0.69357179779,0.94063352565,-0.896370467778
2.506650,0.678095320698,-0.935447863712,-0.967109258048,1.17325238578,0.69375009176,0.938538920225,-0.89676858733
2.516620,0.675827479538,-0.935101328192,-0.967174772564,1.17407982463,0.694067149072,0.936420913126,-0.897295801366
2.526590,0.673538173828,-0.934763230858,-0.967209373844,1.17487251168,0.694297893716,0.934340997059,-0.897919974363
2.536561,0.671167682552,-0.934505124974,-0.967237607223,1.1756709137,0.694351527434,0.932344843576,-0.898546087012
2.546531,0.668831824115,-0.934389229474,-0.967251978312,1.17654182633,0.694271529714,0.930462303074,-0.899016236213
2.556501,0.666508399399,-0.934437724444,-0.967334733301,1.1773995112,0.694114916129,0.928826036721,-0.899304640306
2.566472,0.664050286916,-0.9344237617,-0.967452418428,1.17814258998,0.694039989836,0.92727255374,-0.899614710875
2.576442,0.661482165663,-0.934242242521,-0.967418710298,1.17884481342,0.693980078532,0.925667309616,-0.89994878002
2.586412,0.65888483793,-0.933823271847,-0.967284760591,1.17951701533,0.693932842225,0.923974087207,-0.900280561205
2.596382,0.656395229292,-0.933132158285,-0.967339196075,1.18010711254,0.693960273229,0.922254996742,-0.900555149264
2.606353,0.654022037045,-0.932337041303,-0.967602559967,1.18071969155,0.694146361465,0.920352461429,-0.90092251769
2.616323,0.65173192791,-0.931688792122,-0.967769893317,1.18148618199,0.694225240229,0.918511528463,-0.901417108628
2.626293,0.649551429792,-0.931141110757,-0.967892880016,1.18223083532,0.694383352853,0.916808059918,-0.901933024477
2.636264,0.647442271798,-0.930665727063,-0.968035099489,1.18287528346,0.69465123161,0.915148301932,-0.902412716406
2.646234,0.64530138424,-0.930252400743,-0.968272026696,1.18343853879,0.694903497705,0.913268884706,-0.902846984354
2.656204,0.643011730503,-0.929695693322,-0.968422583155,1.18411737012,0.694626620257,0.911267254174,-0.90330770029
2.666175,0.640753048841,-0.92908074511,-0.968293729759,1.18493062427,0.694195053645,0.909588928424,-0.903718774199
2.676145,0.638612533003,-0.928556441851,-0.968269176665,1.18575897866,0.693832449472,0.908131753134,-0.904160194513
2.686115,0.636627402722,-0.928111793252,-0.968507553793,1.18647012839,0.693663743957,0.906754903421,-0.904728402447
2.696086,0.634784903717,-0.92757593298,-0.968942410816,1.18691878624,0.693715157931,0.905278883851,-0.905536291997
2.706056,0.632982876955,-0.927016025869,-0.969020073889,1.18730606544,0.693781316266,0.903685919599,-0.906597698247
2.716026,0.631185119024,-0.92654821369,-0.96876010487,1.1877569486,0.693857640042,0.902101772369,-0.907668991953
2.725997,0.62934026744,-0.926046957345,-0.968561135739,1.18825571045,0.694015867967,0.900517897377,-0.908526331877
2.735967,0.627463585472,-0.925459739349,-0.968610012551,1.18879724082,0.694292894261,0.898949305478,-0.90908553699
2.745937,0.625636962149,-0.924807063825,-0.968881795431,1.18938704464,0.694690768653,0.897434563173,-0.909402086469
2.755907,0.623654296155,-0.924145219447,-0.96891945221,1.18999971149,0.69504119004,0.896054021358,-0.909660263782
2.765878,0.621698932016,-0.923355142281,-0.968867585628,1.19060424654,0.695492441305,0.894806560389,-0.909852333278
2.775848,0.619854815374,-0.922564997543,-0.968788134199,1.19118130095,0.696062032906,0.893659088108,-0.910038645961
2.785818,0.618155029722,-0.921884423187,-0.968698010954,1.19166303868,0.696622944134,0.892570560389,-0.910266040427
2.795789,0.61658179641,-0.921404529908,-0.968569103438,1.19193313652,0.696903623113,0.891491981134,-0.91056784286
2.805759,0.615087843671,-0.920848648277,-0.968480735526,1.19225149433,0.697225267817,0.890199809851,-0.910871777792
2.815729,0.61368319605,-0.920035752342,-0.968577564751,1.19264880403,0.697512903804,0.888819855352,-0.911204461674
2.825700,0.612162401579,-0.919238908223,-0.968826193659,1.19300497322,0.697866048394,0.88734899879,-0.911560510184
2.835670,0.610541754326,-0.918622537303,-0.969117988914,1.19331757281,0.698357328235,0.885877541636,-0.911898905483
2.845640,0.60905929439,-0.918242416232,-0.969269081293,1.19370183708,0.699032479301,0.884589205672,-0.912142996217
2.855611,0.607917778916,-0.917358858176,-0.969262743078,1.19416192584,0.69949159371,0.883780223649,-0.912325113084
2.865581,0.60672000001,-0.916490872353,-0.969201290817,1.19452249399,0.70001292908,0.882795419369,-0.912653677088
2.875551,0.605499677071,-0.915721940206,-0.969231154604,1.19485618826,0.700630369505,0.881640686089,-0.913092701832
2.885522,0.604296956194,-0.915098229903,-0.969348386637,1.1952004402,0.70118395037,0.880400260685,-0.913562675919
2.895492,0.60315841017,-0.914628596332,-0.969398661217,1.19555746613,0.701319858349,0.879236723645,-0.91394056296
2.905462,0.602140239961,-0.91435787926,-0.969339757444,1.19596446034,0.701482674686,0.878052754155,-0.91411585793
2.915433,0.601079457374,-0.913913847594,-0.969370777177,1.19628448541,0.701883390121,0.877052427469,-0.914215637333
2.925403,0.600068255512,-0.913311178732,-0.969345157483,1.19651421958,0.702379484035,0.876139984295,-0.914266247531
2.935373,0.599089100042,-0.912585533258,-0.969189259541,1.19664268077,0.702885463561,0.875218292189,-0.914346672885
2.945343,0.5980147292,-0.911793554942,-0.968902368645,1.19665122653,0.703372863588,0.874188845553,-0.914588535759
2.955314,0.597102006428,-0.911051813614,-0.968792764661,1.19673987413,0.703643297896,0.873059572828,-0.914819427922
2.965284,0.596398078588,-0.91064965298,-0.968901634865,1.19704576341,0.703973058627,0.871991103474,-0.915006212158
2.975254,0.595780759983,-0.910422185439,-0.968900433649,1.19741069893,0.704374817665,0.870995130076,-0.915114696478
2.985225,0.59518168417,-0.910247168147,-0.968734091682,1.19776404184,0.70492805767,0.870042511041,-0.91516158355
2.995195,0.59458630396,-0.910045003016,-0.96862101591,1.19812270981,0.705779072076,0.869063270597,-0.915214470693
3.005165,0.594155576012,-0.909754815749,-0.968661181793,1.1981661396,0.70599611939,0.868374104848,-0.915405442766
3.015136,0.593888710229,-0.909279581671,-0.968829828769,1.19807970122,0.70560144575,0.867941871821,-0.915437449352
3.025106,0.593553177578,-0.908730378684,-0.969085538395,1.19808033562,0.705306085949,0.867442668207,-0.915446301695
3.035076,0.593130534888,-0.90821542449,-0.969319438837,1.19816436108,0.705336099133,0.866823879275,-0.915568528738
3.045047,0.592816424843,-0.907840076593,-0.96935520488,1.19810747321,0.7054325688,0.866304178875,-0.915941377123
3.055017,0.592694162502,-0.907496201944,-0.969438101097,1.19797587906,0.70524866617,0.866169494953,-0.915893420715
3.064987,0.592454251753,-0.907120550758,-0.969544285248,1.19763391635,0.70506758357,0.866139485608,-0.915689522112
3.074958,0.592152346968,-0.906748439462,-0.969686440783,1.19720496897,0.70500719194,0.866078788206,-0.915451827012
3.084928,0.591856773955,-0.906367407892,-0.969784084135,1.19682720116,0.705090295326,0.865999637241,-0.915281611059
3.094898,0.591648529959,-0.905917219285,-0.969663564723,1.19665355758,0.705244630874,0.866061864335,-0.915259279847
3.104869,0.591515896255,-0.90537371787,-0.969683051148,1.19610776722,0.705248623681,0.866428975845,-0.915387036497
3.114839,0.591239425265,-0.904803678247,-0.969734683419,1.19561774429,0.705004965583,0.866759666463,-0.91550653275
3.124809,0.590892658284,-0.904340777609,-0.969600949493,1.19528460392,0.704792596012,0.867138254927,-0.915660647037
3.134779,0.590615863211,-0.903943218871,-0.969337092421,1.19498234788,0.704735495376,0.867609091697,-0.915884063046
3.144750,0.590616034545,-0.903393730668,-0.969271110351,1.19435786458,0.704802685062,0.868176558958,-0.916203269721
3.154720,0.590872925208,-0.902866118943,-0.969371467359,1.19363422354,0.704841513788,0.868661493841,-0.916356690761
3.164690,0.590886071389,-0.902676618604,-0.969577554564,1.19306524455,0.704693261766,0.868990725456,-0.916508503552
3.174661,0.590850977989,-0.902581969831,-0.969869513721,1.19248660362,0.70451533141,0.869124347399,-0.916611039612
3.184631,0.590901458979,-0.90237590079,-0.970180304679,1.19184665193,0.704389956692,0.86914307951,-0.916692456664
3.194601,0.591109637409,-0.901889127635,-0.970395705385,1.19120641592,0.704324203148,0.869248267869,-0.916856738633
3.204572,0.591278558775,-0.901425080561,-0.970358285195,1.19060849399,0.704305503771,0.869457735954,-0.916979606414
3.214542,0.591263112128,-0.90096355269,-0.970347904502,1.19011033586,0.70427804175,0.86964781215,-0.91705843734
3.224512,0.591065339741,-0.900405381673,-0.970385418694,1.18967441853,0.70426167442,0.869969787926,-0.91715790367
3.234483,0.590785011949,-0.899820907794,-0.970430021963,1.18920833577,0.704209112306,0.870478144479,-0.917291856486
3.244453,0.590619627143,-0.899449973964,-0.970379247305,1.18856479819,0.704005919122,0.871130552745,-0.917423325697
3.254423,0.59075744134,-0.899216394411,-0.97031841421,1.18756142443,0.703965923135,0.871644486988,-0.917409351391
3.264394,0.590766267344,-0.899067989512,-0.970203308066,1.18652399826,0.703805943044,0.872093751793,-0.917406388081
3.274364,0.59081239096,-0.898925224637,-0.97016046635,1.18566373022,0.703492487656,0.872549567657,-0.917373880001
3.284334,0.590998440645,-0.898730535345,-0.970190766516,1.18507147449,0.703170791245,0.873015646344,-0.91728803287
3.294305,0.591363387513,-0.898448327386,-0.970169426001,1.18471772888,0.703164813551,0.873428190883,-0.917141813885
3.304275,0.591676665144,-0.89801671874,-0.970469631652,1.18407636132,0.703198174132,0.873873117177,-0.916932322603
3.314245,0.591851934376,-0.897388879253,-0.970659831114,1.18316649165,0.703413226066,0.874470170982,-0.916625908083
3.324215,0.59186817559,-0.896745273118,-0.970730901495,1.18235462109,0.703666676913,0.8750682993,-0.916023054843
3.334186,0.591767358822,-0.896267113203,-0.97069399223,1.18170111443,0.703859777985,0.875623114572,-0.915101184771
3.344156,0.591654443762,-0.89613636105,-0.970580525087,1.18096020006,0.703938324348,0.876196894673,-0.914014657125
3.354126,0.591640553947,-0.89564879469,-0.970450972984,1.17995587818,0.703779749417,0.876974121381,-0.912936239454
3.364097,0.591722683688,-0.894992083143,-0.970398472681,1.17903196739,0.703464354665,0.877898495523,-0.911636871164
3.374067,0.591762306537,-0.894365166489,-0.970460090455,1.17806838412,0.703238219223,0.878876178378,-0.910097030119
3.384037,0.591638490202,-0.893782087016,-0.970617831676,1.17702690509,0.703253214601,0.879832449376,-0.908423798376
3.394008,0.591247896544,-0.893071989219,-0.970798640816,1.17595116728,0.703567004689,0.880711706101,-0.906850862184
3.403978,0.59107241116,-0.892413369915,-0.970800365204,1.17477314017,0.703439258917,0.881797853686,-0.905364190476
3.413948,0.591130292266,-0.89180818178,-0.970816448014,1.17360312025,0.703106257362,0.883061608404,-0.903804729788
3.423919,0.591384119978,-0.891181890105,-0.970816128437,1.17247666527,0.70281743989,0.884439543844,-0.902229771275
3.433889,0.5916749294,-0.890524453604,-0.970857002844,1.1713536406,0.702697583397,0.885841271218,-0.900706065436
3.443859,0.591722210615,-0.889890324417,-0.971085024789,1.17011821928,0.70274680181,0.887149439363,-0.89930982211
3.453830,0.5915630159,-0.889072871697,-0.97108505421,1.16870656665,0.702948995854,0.888497388543,-0.898105408971
3.463800,0.591437806869,-0.888258516537,-0.970914294108,1.16716142753,0.703294998905,0.889949156079,-0.897191435865
3.473770,0.591289374567,-0.887332129161,-0.970829434176,1.16547903119,0.703410753652,0.891493136933,-0.896606749706
3.483741,0.591186778283,-0.886258620508,-0.97088689013,1.16375049906,0.703192249818,0.893066135746,-0.896259984369
3.493711,0.591325345551,-0.885082942238,-0.97094280371,1.16216184475,0.702805524156,0.894553366837,-0.895929560693
3.503681,0.591349674517,-0.884068455428,-0.970787282018,1.16088223187,0.702568726371,0.89573402696,-0.895036337559
3.513651,0.591281694225,-0.883331323348,-0.97073236305,1.15943102467,0.70243345087,0.896908509169,-0.89377878304
3.523622,0.591232389838,-0.882460141938,-0.970784582185,1.15769129515,0.702517987308,0.89820535312,-0.892073179365
3.533592,0.591224220048,-0.881328537128,-0.970795092459,1.15574172148,0.702669569581,0.899594021619,-0.890022271753
3.543562,0.591191117072,-0.880095164833,-0.970459664564,1.15385658801,0.702464375822,0.900884900621,-0.887915268411
3.553533,0.591334487112,-0.879186474804,-0.970357243086,1.15237516484,0.70239490983,0.902209563134,-0.886542223037
3.563503,0.591461597895,-0.878334725213,-0.970790335308,1.1508003065,0.70244693461,0.903611631498,-0.885354230062
3.573473,0.591436393056,-0.877524214185,-0.971393431697,1.14920559693,0.702346098232,0.905034110954,-0.884323753514
3.583444,0.591334173267,-0.876697278777,-0.97178242015,1.14764655929,0.702091936394,0.906417915137,-0.88339983137
3.593414,0.591441596228,-0.875754294985,-0.971554585999,1.14616065601,0.701957872427,0.907701866081,-0.882508075554
3.603384,0.591496400821,-0.874657774192,-0.971840449809,1.14414431195,0.701510423903,0.909018016578,-0.881568071781
3.613355,0.591491348372,-0.873768992347,-0.971900951882,1.14215375451,0.701056816335,0.910411835388,-0.880613658765
3.623325,0.591683765536,-0.87313218215,-0.971849052972,1.140239481,0.700770637665,0.911828888276,-0.879747058441
3.633295,0.592028978366,-0.872519885768,-0.971772038355,1.13841814422,0.700706388831,0.913217751271,-0.878869378261
3.643266,0.592180312321,-0.871432954835,-0.971731517832,1.13667255249,0.700799483775,0.914530010672,-0.877680611188
3.653236,0.592000858114,-0.870580706833,-0.971703781729,1.13485185842,0.701236455153,0.915950118238,-0.876289188839
3.663206,0.591788466943,-0.869966437236,-0.971721661507,1.13309054388,0.701346100975,0.917413414429,-0.875059149417
3.673176,0.591609262556,-0.869227432447,-0.971703564268,1.13137678005,0.701203720793,0.918912930555,-0.873908340912
3.683147,0.591537599273,-0.868213860585,-0.971590422676,1.12967596639,0.701011546563,0.920421569682,-0.872743508267
3.693117,0.591656061988,-0.866988771486,-0.971345694947,1.12793073057,0.701098742649,0.92189210663,-0.87146029338
3.703087,0.591828605507,-0.866337875133,-0.971640432902,1.12623608478,0.700977651395,0.923309492732,-0.869914323881
3.713058,0.591774426661,-0.865686976335,-0.971750953504,1.12447566663,0.700961305461,0.924847707064,-0.868379245302
3.723028,0.591445643658,-0.865073914803,-0.971820935602,1.12270193538,0.701053125835,0.926358473301,-0.867126426693
3.732998,0.591055655963,-0.864467305538,-0.97185741728,1.12098339525,0.701118179021,0.927843525156,-0.86603568868
3.742969,0.591079144288,-0.863766538831,-0.971730795854,1.11940459546,0.700883177043,0.929454606381,-0.864595303469
3.752939,0.591100798154,-0.86326505292,-0.97150293933,1.11806123014,0.700703267385,0.931108963597,-0.863022897599
3.762909,0.591098015107,-0.86264107202,-0.971564653459,1.11632178197,0.700775609548,0.93262181613,-0.861737387017
3.772880,0.591032701181,-0.861785010076,-0.971720781636,1.1144507635,0.70084736388,0.934056099346,-0.860476827663
3.782850,0.590913130348,-0.860889279672,-0.971824349259,1.11261527377,0.700861262566,0.935484261572,-0.859111813895
3.792820,0.590793944513,-0.860448292034,-0.971776563737,1.11088499832,0.700955609619,0.936988264093,-0.857645478489
3.802791,0.590784399198,-0.859783347038,-0.971542421297,1.10906185333,0.700800885262,0.938103069747,-0.856238811714
3.812761,0.59071473111,-0.858963684031,-0.971436148497,1.10705490679,0.700645391247,0.939220763223,-0.854993746032
3.822731,0.590663333462,-0.8581084594,-0.971594077742,1.10511873408,0.700529116245,0.940425019278,-0.853817921602
3.832702,0.59064345247,-0.857249330039,-0.971905475042,1.10336694303,0.700382509182,0.94173398723,-0.852622277734
3.842672,0.590603187362,-0.856330453349,-0.972012540014,1.10177217396,0.700026479244,0.943100290957,-0.851321052883
3.852642,0.590287433704,-0.855801895615,-0.972105713521,1.09974842147,0.699510071278,0.944385477584,-0.850130703434
3.862612,0.590235959062,-0.855333422566,-0.972270313373,1.09793623256,0.699394480931,0.945600544014,-0.84887834794
3.872583,0.590225264322,-0.854672618169,-0.972268766007,1.09619394002,0.69961218453,0.946737574906,-0.84764529659
3.882553,0.590099028109,-0.853743163011,-0.972100934314,1.09442959853,0.699958104627,0.947740049217,-0.846468408121
3.892523,0.589768106787,-0.852644834292,-0.972004117629,1.0926009847,0.700089610001,0.948502840205,-0.845340089816
3.902494,0.589761731896,-0.851884170881,-0.971871190132,1.09049130249,0.699990367622,0.949269370144,-0.844234218084
3.912464,0.589450608586,-0.851419611268,-0.971977699163,1.08852033312,0.699683086028,0.949992308076,-0.843448893987
3.922434,0.589152446511,-0.850802998369,-0.972119150271,1.08676013198,0.699400247732,0.950854565698,-0.842799682684
3.932405,0.588955631804,-0.849795238085,-0.97215322242,1.08509690956,0.699272291835,0.951845768977,-0.842094528713
3.942375,0.588719227083,-0.848366299306,-0.971999767991,1.08323103137,0.69932761402,0.952762258151,-0.841133755992
