24.061 91.742 41.443 116.632 24.880 15.572 3.571 48.960 19.123 28.017
25.639 248.463 100.867 290.747 24.997 16.152 3.571 57.253 19.133 42.177
25.639 432.796 100.900 520.376 24.998 16.152 3.571 57.256 19.133 42.179
25.639 553.653 102.558 1226.861 24.998 16.152 3.571 57.256 19.133 42.179
0.000 274.645 0.001 1797.354 0.000 0.000 0.000 0.000 0.000 0.000
0.000 260.543 0.000 1811.457 0.000 0.000 0.000 0.000 0.000 0.000
0.000 259.723 0.000 1812.277 0.000 0.000 0.000 0.000 0.000 0.000
0.000 259.523 0.000 1812.477 0.000 0.000 0.000 0.000 0.000 0.000
0.000 259.465 0.000 1812.535 0.000 0.000 0.000 0.000 0.000 0.000
0.000 259.447 0.000 1812.553 0.000 0.000 0.000 0.000 0.000 0.000
