242.360 103.935 134.455 266.496 325.335 284.189 81.396 290.281 298.310 53.242
177.672 4.440 3.693 195.432 574.328 302.313 99.648 290.485 431.906 0.082
2.329 0.000 0.000 23.203 1389.901 49.069 99.716 38.230 477.552 0.000
0.000 0.000 0.000 1.723 1947.253 0.000 103.633 3.393 23.998 0.000
0.000 0.000 0.000 0.166 1982.753 0.000 96.111 0.971 0.000 0.000
0.000 0.000 0.000 0.000 1986.291 0.000 93.709 0.000 0.000 0.000
0.000 0.000 0.000 0.000 1986.964 0.000 93.035 0.000 0.000 0.000
0.000 0.000 0.000 0.000 1987.085 0.000 92.915 0.000 0.000 0.000
0.000 0.000 0.000 0.000 1987.107 0.000 92.893 0.000 0.000 0.000
0.000 0.000 0.000 0.000 1987.111 0.000 92.889 0.000 0.000 0.000
